Numero di tabelle: 550271

Numero totale di colonne: 2378526
Numero medio di colonne: 4

Numero totale di righe: 9365478
Numero medio di righe: 17

Numero totale di valori nulli per tabella: 3929760
Numero medio di valori nulli per tabella: 7

Distribuzione numero di colonne (quante tabelle hanno 1, 2, 3, 4, etc. colonne) 
[Chiave: numero di colonne, Valore: quante tabelle hanno quel numero di colonne] 
513 ; 1
2 ; 1565
3 ; 247585
4 ; 182978
5 ; 53567
6 ; 23186
7 ; 15194
8 ; 5199
520 ; 2
9 ; 5152
10 ; 2303
11 ; 2110
12 ; 1562
13 ; 1731
14 ; 916
15 ; 992
16 ; 871
17 ; 972
18 ; 429
19 ; 687
20 ; 248
21 ; 669
22 ; 253
23 ; 501
24 ; 72
25 ; 292
26 ; 56
27 ; 105
28 ; 50
29 ; 55
30 ; 77
31 ; 95
32 ; 39
33 ; 49
34 ; 103
35 ; 20
291 ; 1
36 ; 41
37 ; 24
38 ; 119
39 ; 2
40 ; 11
41 ; 3
42 ; 24
43 ; 1
44 ; 8
300 ; 1
45 ; 1
46 ; 62
47 ; 3
560 ; 1
48 ; 2
49 ; 2
51 ; 3
52 ; 9
53 ; 12
54 ; 5
55 ; 9
56 ; 7
57 ; 21
58 ; 2
59 ; 2
60 ; 3
61 ; 3
62 ; 3
63 ; 8
64 ; 3
65 ; 8
66 ; 2
67 ; 2
68 ; 8
70 ; 1
71 ; 9
72 ; 1
73 ; 1
74 ; 2
76 ; 1
77 ; 2
590 ; 2
78 ; 1
80 ; 2
81 ; 1
83 ; 1
86 ; 1
600 ; 30
93 ; 2
97 ; 4
98 ; 1
100 ; 2
101 ; 1
102 ; 1
103 ; 1
360 ; 1
104 ; 16
105 ; 25
111 ; 1
113 ; 1
115 ; 1
120 ; 2
121 ; 1
127 ; 1
390 ; 1
137 ; 7
650 ; 1
138 ; 2
140 ; 2
141 ; 1
400 ; 16
660 ; 1
420 ; 2
164 ; 5
440 ; 2
204 ; 1
220 ; 1
1000 ; 3
240 ; 1
500 ; 7

Distribuzione numero di righe (quante tabelle hanno 1, 2, 3, 4, etc. righe) 
[Chiave: numero di righe, Valore: quante tabelle hanno quel numero di righe] 
1 ; 1832
2 ; 8191
3 ; 31791
4 ; 44612
5 ; 54034
2053 ; 1
6 ; 60693
7 ; 40357
8 ; 34593
9 ; 29554
10 ; 26942
1034 ; 1
11 ; 19451
12 ; 18469
13 ; 13688
1037 ; 1
14 ; 12277
15 ; 9821
16 ; 11623
17 ; 7980
18 ; 7523
1042 ; 1
19 ; 6268
20 ; 7170
21 ; 5424
1045 ; 1
22 ; 5448
23 ; 5240
24 ; 4905
25 ; 3991
1049 ; 1
26 ; 3667
27 ; 3027
28 ; 2922
1052 ; 1
29 ; 2647
30 ; 3128
31 ; 2677
32 ; 2988
33 ; 2459
34 ; 2373
35 ; 2047
36 ; 2099
37 ; 1670
38 ; 1645
39 ; 1460
40 ; 1548
41 ; 1231
42 ; 1170
43 ; 1213
44 ; 1118
45 ; 1015
46 ; 1044
47 ; 888
48 ; 937
49 ; 805
50 ; 1068
51 ; 811
1075 ; 1
52 ; 1021
53 ; 756
54 ; 720
55 ; 618
56 ; 636
57 ; 588
58 ; 561
59 ; 487
60 ; 605
1084 ; 1
61 ; 463
62 ; 454
63 ; 446
64 ; 465
65 ; 448
1089 ; 1
66 ; 406
67 ; 402
68 ; 414
69 ; 338
70 ; 419
3142 ; 1
71 ; 344
72 ; 305
2120 ; 1
73 ; 286
74 ; 329
75 ; 307
76 ; 307
77 ; 237
78 ; 272
79 ; 227
80 ; 278
81 ; 250
82 ; 252
83 ; 226
2131 ; 1
84 ; 224
85 ; 226
86 ; 199
87 ; 174
2135 ; 1
88 ; 204
89 ; 195
90 ; 187
1114 ; 2
91 ; 187
92 ; 193
93 ; 182
94 ; 187
95 ; 158
96 ; 179
97 ; 154
98 ; 153
99 ; 142
100 ; 5068
101 ; 155
102 ; 158
103 ; 119
104 ; 156
105 ; 133
106 ; 128
107 ; 123
108 ; 134
109 ; 108
110 ; 136
111 ; 106
112 ; 128
113 ; 117
114 ; 116
115 ; 90
116 ; 129
1140 ; 1
117 ; 97
118 ; 109
119 ; 80
1143 ; 1
120 ; 128
121 ; 87
122 ; 80
123 ; 97
124 ; 119
125 ; 108
126 ; 91
127 ; 84
128 ; 136
129 ; 108
130 ; 80
131 ; 58
132 ; 79
133 ; 81
134 ; 74
1158 ; 1
135 ; 73
136 ; 77
137 ; 57
138 ; 61
139 ; 62
140 ; 51
141 ; 68
142 ; 47
143 ; 61
144 ; 47
145 ; 49
146 ; 52
147 ; 56
148 ; 38
149 ; 41
150 ; 103
151 ; 50
152 ; 54
153 ; 46
154 ; 44
155 ; 45
156 ; 43
157 ; 48
1181 ; 1
158 ; 32
159 ; 31
160 ; 44
161 ; 40
162 ; 36
163 ; 42
1187 ; 1
164 ; 47
165 ; 33
1189 ; 1
166 ; 53
167 ; 29
168 ; 45
169 ; 25
170 ; 22
171 ; 40
172 ; 36
173 ; 21
174 ; 28
175 ; 26
176 ; 35
177 ; 24
178 ; 28
1202 ; 1
179 ; 22
180 ; 25
181 ; 31
182 ; 30
1206 ; 1
183 ; 21
2231 ; 1
184 ; 27
185 ; 28
186 ; 19
187 ; 24
188 ; 32
3260 ; 1
189 ; 21
190 ; 20
191 ; 28
192 ; 12
193 ; 73
1217 ; 1
194 ; 31
195 ; 30
196 ; 29
197 ; 23
198 ; 33
199 ; 25
200 ; 38
201 ; 25
202 ; 30
203 ; 22
1228 ; 1
204 ; 23
205 ; 25
206 ; 25
207 ; 27
208 ; 22
209 ; 16
210 ; 28
211 ; 20
212 ; 14
213 ; 15
214 ; 25
215 ; 17
216 ; 23
217 ; 21
218 ; 15
219 ; 27
220 ; 14
221 ; 9
222 ; 17
223 ; 20
224 ; 22
225 ; 25
226 ; 26
227 ; 17
228 ; 20
229 ; 15
230 ; 23
231 ; 17
232 ; 21
233 ; 19
234 ; 12
235 ; 25
236 ; 20
237 ; 11
238 ; 12
239 ; 15
240 ; 22
241 ; 15
242 ; 18
2290 ; 1
243 ; 20
244 ; 18
2292 ; 1
245 ; 15
1269 ; 1
246 ; 11
247 ; 8
248 ; 10
249 ; 18
250 ; 16
251 ; 13
252 ; 10
1276 ; 1
253 ; 9
254 ; 12
255 ; 12
2303 ; 1
256 ; 10
257 ; 7
258 ; 14
259 ; 16
1283 ; 1
260 ; 15
261 ; 18
262 ; 11
263 ; 14
264 ; 15
265 ; 7
266 ; 13
267 ; 4
268 ; 8
269 ; 13
270 ; 9
271 ; 7
272 ; 13
273 ; 8
274 ; 8
275 ; 7
276 ; 9
277 ; 8
278 ; 6
279 ; 9
280 ; 8
281 ; 4
282 ; 10
283 ; 12
284 ; 7
285 ; 10
286 ; 5
287 ; 11
288 ; 7
289 ; 8
290 ; 8
291 ; 4
292 ; 8
2340 ; 1
293 ; 5
294 ; 6
295 ; 8
296 ; 6
297 ; 2
298 ; 5
1322 ; 1
299 ; 13
300 ; 15
301 ; 3
302 ; 12
303 ; 10
304 ; 4
305 ; 5
306 ; 3
307 ; 12
308 ; 9
309 ; 10
310 ; 3
311 ; 3
312 ; 4
313 ; 6
314 ; 7
315 ; 6
316 ; 8
1340 ; 1
317 ; 3
318 ; 4
319 ; 6
320 ; 4
321 ; 1
322 ; 3
323 ; 6
324 ; 5
325 ; 5
326 ; 7
327 ; 8
328 ; 1
329 ; 2
330 ; 2
331 ; 3
332 ; 3
333 ; 4
334 ; 8
335 ; 5
336 ; 7
337 ; 3
338 ; 5
339 ; 9
340 ; 4
341 ; 5
342 ; 3
343 ; 8
344 ; 7
345 ; 5
346 ; 5
347 ; 5
348 ; 7
349 ; 10
351 ; 6
352 ; 4
353 ; 3
354 ; 3
355 ; 4
1379 ; 2
356 ; 2
357 ; 5
358 ; 5
359 ; 2
360 ; 3
361 ; 7
362 ; 6
363 ; 11
364 ; 8
365 ; 2
366 ; 6
1390 ; 1
367 ; 8
368 ; 2
369 ; 2
370 ; 3
371 ; 3
372 ; 5
373 ; 5
374 ; 3
375 ; 3
376 ; 1
377 ; 5
378 ; 3
379 ; 2
381 ; 1
382 ; 3
383 ; 6
384 ; 2
1408 ; 1
2432 ; 1
385 ; 3
386 ; 2
387 ; 4
388 ; 4
389 ; 5
390 ; 1
391 ; 2
392 ; 5
393 ; 3
394 ; 7
395 ; 5
396 ; 2
398 ; 1
399 ; 1
400 ; 4
401 ; 6
402 ; 5
403 ; 3
404 ; 2
405 ; 5
406 ; 4
407 ; 2
409 ; 4
410 ; 6
411 ; 2
412 ; 3
413 ; 6
414 ; 5
2462 ; 1
415 ; 2
416 ; 6
417 ; 5
418 ; 5
419 ; 6
1444 ; 1
420 ; 5
421 ; 2
422 ; 2
423 ; 2
424 ; 2
425 ; 4
426 ; 3
1450 ; 1
427 ; 3
428 ; 3
429 ; 3
430 ; 4
431 ; 5
432 ; 2
434 ; 3
435 ; 4
436 ; 4
437 ; 3
438 ; 4
439 ; 7
440 ; 7
441 ; 6
442 ; 3
443 ; 9
444 ; 11
445 ; 6
446 ; 4
447 ; 4
448 ; 2
449 ; 3
450 ; 5
451 ; 8
452 ; 3
453 ; 4
454 ; 1
455 ; 4
456 ; 2
457 ; 4
458 ; 4
459 ; 6
460 ; 2
2508 ; 1
461 ; 5
462 ; 4
463 ; 3
464 ; 3
465 ; 4
466 ; 3
467 ; 2
468 ; 2
470 ; 2
471 ; 1
472 ; 3
473 ; 1
474 ; 3
476 ; 2
1502 ; 1
478 ; 1
479 ; 3
480 ; 1
481 ; 1
482 ; 3
483 ; 3
484 ; 1
485 ; 2
486 ; 1
487 ; 3
489 ; 1
490 ; 1
491 ; 3
494 ; 1
496 ; 2
497 ; 3
498 ; 3
499 ; 1
500 ; 2
501 ; 1
502 ; 4
503 ; 3
504 ; 4
505 ; 3
506 ; 2
507 ; 1
508 ; 1
509 ; 2
1533 ; 1
510 ; 2
511 ; 1
1535 ; 1
512 ; 1
513 ; 2
516 ; 1
517 ; 1
1542 ; 1
519 ; 1
520 ; 2
521 ; 1
522 ; 4
523 ; 3
524 ; 1
525 ; 2
526 ; 2
527 ; 2
529 ; 1
530 ; 1
532 ; 2
535 ; 2
536 ; 3
538 ; 1
539 ; 2
540 ; 1
541 ; 1
542 ; 2
543 ; 1
544 ; 2
546 ; 2
547 ; 2
548 ; 1
549 ; 1
550 ; 2
552 ; 1
553 ; 1
555 ; 1
556 ; 1
557 ; 1
558 ; 2
560 ; 2
562 ; 2
563 ; 3
565 ; 2
2614 ; 1
567 ; 1
568 ; 1
571 ; 5
1598 ; 1
574 ; 2
4670 ; 1
575 ; 1
576 ; 1
577 ; 3
578 ; 1
579 ; 1
580 ; 2
583 ; 2
584 ; 1
1609 ; 2
585 ; 1
586 ; 1
587 ; 1
588 ; 1
589 ; 4
595 ; 2
596 ; 1
598 ; 1
602 ; 1
603 ; 1
604 ; 1
608 ; 1
609 ; 1
611 ; 1
614 ; 2
616 ; 1
619 ; 2
1647 ; 1
624 ; 1
626 ; 1
627 ; 2
628 ; 1
629 ; 1
630 ; 1
632 ; 1
633 ; 1
634 ; 1
636 ; 2
638 ; 1
639 ; 1
640 ; 1
642 ; 1
645 ; 1
648 ; 1
649 ; 1
650 ; 1
654 ; 2
655 ; 1
657 ; 1
658 ; 1
661 ; 1
667 ; 1
669 ; 2
670 ; 1
671 ; 4
672 ; 1
1700 ; 1
1706 ; 1
685 ; 1
1710 ; 1
687 ; 3
689 ; 2
690 ; 1
1715 ; 1
692 ; 1
693 ; 1
696 ; 1
699 ; 1
700 ; 1
702 ; 1
703 ; 1
704 ; 1
708 ; 2
709 ; 1
714 ; 1
715 ; 1
717 ; 1
719 ; 1
720 ; 2
722 ; 1
724 ; 1
725 ; 1
726 ; 2
729 ; 1
731 ; 1
732 ; 1
741 ; 1
742 ; 1
744 ; 1
1769 ; 1
746 ; 1
748 ; 1
749 ; 1
751 ; 1
754 ; 1
768 ; 1
769 ; 1
770 ; 2
772 ; 1
773 ; 2
780 ; 1
1804 ; 1
781 ; 1
782 ; 1
786 ; 2
792 ; 1
793 ; 1
795 ; 1
796 ; 1
797 ; 1
801 ; 1
805 ; 1
808 ; 1
813 ; 1
816 ; 1
819 ; 1
820 ; 1
829 ; 1
831 ; 1
834 ; 1
2890 ; 1
846 ; 1
847 ; 1
1875 ; 1
853 ; 1
854 ; 1
2903 ; 1
862 ; 1
875 ; 1
876 ; 1
887 ; 1
889 ; 1
895 ; 1
916 ; 1
919 ; 1
920 ; 1
925 ; 1
930 ; 1
944 ; 1
949 ; 1
955 ; 1
978 ; 1
6101 ; 1
2008 ; 1
2012 ; 1
993 ; 1
997 ; 1
1000 ; 1
1007 ; 1
1009 ; 1
1015 ; 1
1021 ; 1
2047 ; 1

Distribuzione di valori nulli (quante tabelle hanno 1, 2, 3, 4, etc. valori nulli) 
[Chiave: numero di valori nulli, Valore: quante tabelle hanno quel numero di valori nulli]
0 ; 305479
1 ; 20401
2 ; 17454
3 ; 29413
4 ; 33093
5 ; 25086
6 ; 20880
7 ; 14057
8 ; 10624
9 ; 8442
10 ; 6607
11 ; 4689
12 ; 4473
13 ; 3032
14 ; 2862
15 ; 2501
16 ; 2585
17 ; 1784
18 ; 2126
19 ; 1616
20 ; 1681
21 ; 1383
22 ; 1568
23 ; 1010
24 ; 1256
25 ; 1057
26 ; 930
27 ; 728
28 ; 836
29 ; 680
30 ; 716
31 ; 713
32 ; 637
33 ; 523
34 ; 619
35 ; 474
36 ; 599
37 ; 409
38 ; 421
39 ; 397
40 ; 428
41 ; 428
42 ; 413
43 ; 337
2091 ; 1
44 ; 345
2092 ; 2
45 ; 417
46 ; 304
47 ; 242
48 ; 382
49 ; 228
50 ; 252
51 ; 246
52 ; 247
53 ; 210
54 ; 263
55 ; 244
56 ; 212
57 ; 198
58 ; 224
59 ; 162
60 ; 266
61 ; 158
62 ; 189
2110 ; 1
63 ; 163
64 ; 206
65 ; 139
66 ; 179
67 ; 158
68 ; 153
69 ; 128
70 ; 149
71 ; 111
72 ; 161
73 ; 117
74 ; 122
75 ; 99
76 ; 100
77 ; 92
78 ; 215
79 ; 103
80 ; 101
81 ; 97
82 ; 109
83 ; 90
84 ; 103
85 ; 89
86 ; 71
87 ; 71
88 ; 88
89 ; 90
90 ; 102
91 ; 73
92 ; 75
93 ; 69
94 ; 67
95 ; 66
96 ; 81
97 ; 68
98 ; 71
99 ; 71
100 ; 113
101 ; 57
102 ; 61
103 ; 57
104 ; 63
105 ; 56
106 ; 64
107 ; 59
108 ; 95
109 ; 45
110 ; 72
111 ; 41
112 ; 76
113 ; 55
2161 ; 1
114 ; 65
115 ; 40
2163 ; 1
116 ; 79
117 ; 49
118 ; 44
119 ; 46
120 ; 88
121 ; 53
122 ; 59
123 ; 46
124 ; 60
125 ; 48
126 ; 53
127 ; 40
128 ; 87
129 ; 42
130 ; 47
131 ; 30
132 ; 71
133 ; 46
134 ; 32
135 ; 36
136 ; 72
137 ; 35
138 ; 31
139 ; 55
140 ; 59
141 ; 33
142 ; 44
143 ; 30
144 ; 51
145 ; 31
146 ; 36
147 ; 23
148 ; 41
149 ; 21
150 ; 33
151 ; 21
152 ; 37
153 ; 32
154 ; 31
155 ; 28
156 ; 35
157 ; 26
158 ; 13
159 ; 12
160 ; 33
161 ; 31
162 ; 44
163 ; 26
164 ; 35
165 ; 31
166 ; 28
167 ; 22
168 ; 21
169 ; 27
170 ; 28
171 ; 52
172 ; 27
173 ; 19
174 ; 29
2222 ; 1
175 ; 17
176 ; 24
177 ; 19
178 ; 21
179 ; 25
180 ; 22
2228 ; 1
181 ; 20
182 ; 18
183 ; 23
184 ; 20
185 ; 18
186 ; 17
2234 ; 1
187 ; 13
188 ; 18
189 ; 13
190 ; 19
191 ; 14
192 ; 20
193 ; 17
194 ; 26
195 ; 16
196 ; 16
197 ; 15
198 ; 19
199 ; 14
200 ; 17
201 ; 21
202 ; 13
203 ; 18
204 ; 15
205 ; 5
206 ; 14
207 ; 10
208 ; 9
209 ; 16
210 ; 30
211 ; 18
212 ; 11
213 ; 9
214 ; 13
215 ; 11
216 ; 23
217 ; 11
218 ; 9
219 ; 12
220 ; 8
221 ; 8
222 ; 11
223 ; 18
224 ; 19
225 ; 15
226 ; 10
227 ; 14
228 ; 14
229 ; 6
230 ; 11
231 ; 10
232 ; 12
233 ; 10
234 ; 12
2282 ; 1
235 ; 12
236 ; 10
237 ; 13
238 ; 9
239 ; 10
2287 ; 1
240 ; 14
241 ; 9
242 ; 6
243 ; 6
244 ; 15
245 ; 9
246 ; 12
247 ; 11
248 ; 10
249 ; 9
250 ; 6
251 ; 8
252 ; 8
253 ; 10
254 ; 9
255 ; 8
256 ; 20
2304 ; 1
257 ; 8
258 ; 6
259 ; 9
260 ; 6
261 ; 2
262 ; 4
263 ; 9
264 ; 9
265 ; 6
266 ; 9
267 ; 4
268 ; 12
269 ; 7
270 ; 13
271 ; 4
272 ; 16
273 ; 5
2321 ; 1
274 ; 6
275 ; 4
276 ; 3
277 ; 3
278 ; 6
279 ; 6
280 ; 8
281 ; 5
282 ; 5
283 ; 8
284 ; 7
285 ; 8
286 ; 4
287 ; 6
288 ; 5
289 ; 4
290 ; 4
291 ; 12
292 ; 8
293 ; 4
294 ; 6
295 ; 4
296 ; 7
297 ; 4
2345 ; 1
298 ; 6
299 ; 3
300 ; 6
301 ; 7
302 ; 3
303 ; 6
304 ; 5
305 ; 5
306 ; 1
307 ; 4
308 ; 5
309 ; 5
310 ; 9
311 ; 2
312 ; 6
313 ; 5
314 ; 2
315 ; 7
316 ; 12
317 ; 5
318 ; 6
2366 ; 1
319 ; 5
320 ; 5
321 ; 7
322 ; 2
323 ; 6
324 ; 8
325 ; 3
326 ; 5
327 ; 5
328 ; 5
329 ; 4
330 ; 8
331 ; 5
332 ; 3
333 ; 4
334 ; 3
335 ; 4
2383 ; 1
336 ; 4
337 ; 3
338 ; 8
339 ; 3
340 ; 5
341 ; 4
342 ; 7
343 ; 7
344 ; 4
345 ; 5
346 ; 5
347 ; 1
348 ; 7
349 ; 3
350 ; 3
2398 ; 1
351 ; 3
352 ; 7
353 ; 4
354 ; 1
355 ; 2
356 ; 1
357 ; 4
358 ; 7
359 ; 7
360 ; 4
361 ; 2
362 ; 2
363 ; 2
365 ; 3
366 ; 3
367 ; 1
368 ; 7
369 ; 4
370 ; 2
371 ; 1
372 ; 5
373 ; 3
374 ; 4
375 ; 3
376 ; 7
377 ; 4
378 ; 5
379 ; 3
380 ; 8
381 ; 2
2429 ; 1
382 ; 3
383 ; 1
384 ; 1
385 ; 2
386 ; 3
387 ; 3
388 ; 5
389 ; 7
390 ; 6
391 ; 2
392 ; 5
393 ; 3
394 ; 3
395 ; 4
396 ; 6
397 ; 4
398 ; 5
399 ; 3
400 ; 6
2448 ; 1
401 ; 5
402 ; 6
404 ; 4
405 ; 3
406 ; 3
407 ; 2
408 ; 6
409 ; 2
410 ; 3
411 ; 6
412 ; 2
413 ; 4
414 ; 2
415 ; 3
2464 ; 2
416 ; 4
417 ; 4
418 ; 2
419 ; 5
420 ; 4
422 ; 3
425 ; 4
426 ; 4
428 ; 2
429 ; 2
430 ; 2
431 ; 3
432 ; 5
434 ; 1
435 ; 3
436 ; 6
437 ; 1
438 ; 3
439 ; 2
440 ; 5
442 ; 4
443 ; 1
444 ; 3
445 ; 3
446 ; 3
447 ; 1
448 ; 1
449 ; 1
450 ; 4
451 ; 4
452 ; 4
453 ; 4
454 ; 2
455 ; 1
458 ; 3
459 ; 3
460 ; 6
461 ; 1
462 ; 2
463 ; 1
464 ; 3
466 ; 1
467 ; 2
468 ; 2
469 ; 2
470 ; 3
471 ; 1
472 ; 4
473 ; 1
474 ; 1
475 ; 1
476 ; 1
4572 ; 1
477 ; 1
478 ; 3
479 ; 2
480 ; 3
481 ; 1
482 ; 3
484 ; 1
485 ; 2
486 ; 2
487 ; 1
491 ; 2
492 ; 2
493 ; 3
495 ; 2
496 ; 1
499 ; 1
500 ; 2
501 ; 2
502 ; 3
503 ; 1
504 ; 2
505 ; 2
506 ; 2
507 ; 1
508 ; 1
509 ; 3
510 ; 1
511 ; 3
512 ; 5
513 ; 2
514 ; 4
515 ; 2
516 ; 5
517 ; 2
518 ; 1
2569 ; 2
521 ; 1
523 ; 1
524 ; 3
526 ; 3
527 ; 2
528 ; 2
529 ; 1
530 ; 2
531 ; 1
532 ; 1
533 ; 1
534 ; 3
535 ; 1
536 ; 3
537 ; 2
538 ; 3
539 ; 1
542 ; 3
543 ; 1
544 ; 1
545 ; 1
546 ; 1
547 ; 3
548 ; 1
549 ; 2
550 ; 3
551 ; 1
554 ; 3
555 ; 1
556 ; 2
557 ; 2
564 ; 2
565 ; 1
566 ; 4
567 ; 1
568 ; 1
569 ; 1
571 ; 2
572 ; 2
573 ; 2
574 ; 4
576 ; 2
577 ; 3
578 ; 2
579 ; 1
580 ; 2
581 ; 2
582 ; 3
583 ; 3
586 ; 2
587 ; 3
588 ; 1
591 ; 2
592 ; 1
594 ; 1
598 ; 1
600 ; 4
2650 ; 1
603 ; 1
604 ; 1
608 ; 2
609 ; 1
611 ; 2
614 ; 1
615 ; 1
616 ; 1
617 ; 2
618 ; 1
619 ; 2
620 ; 3
622 ; 1
624 ; 1
625 ; 1
2673 ; 1
627 ; 1
628 ; 1
629 ; 1
630 ; 1
632 ; 1
635 ; 2
638 ; 1
640 ; 1
2689 ; 1
642 ; 1
643 ; 1
644 ; 1
645 ; 2
646 ; 1
647 ; 2
648 ; 2
650 ; 1
652 ; 1
653 ; 1
654 ; 3
658 ; 1
659 ; 1
660 ; 5
663 ; 1
664 ; 1
666 ; 1
667 ; 1
668 ; 1
669 ; 1
673 ; 1
675 ; 1
676 ; 2
677 ; 2
678 ; 1
681 ; 1
686 ; 1
687 ; 2
688 ; 1
691 ; 1
693 ; 1
695 ; 1
696 ; 1
700 ; 3
701 ; 2
703 ; 1
706 ; 1
707 ; 3
708 ; 1
713 ; 1
714 ; 2
716 ; 1
720 ; 1
722 ; 2
728 ; 1
730 ; 1
731 ; 1
738 ; 1
739 ; 2
740 ; 1
741 ; 1
742 ; 1
2791 ; 1
744 ; 1
2796 ; 1
749 ; 1
752 ; 1
758 ; 1
761 ; 1
763 ; 1
764 ; 1
2815 ; 1
768 ; 2
774 ; 1
777 ; 1
778 ; 1
779 ; 2
2828 ; 1
780 ; 1
782 ; 1
783 ; 1
784 ; 1
785 ; 1
788 ; 1
791 ; 1
792 ; 2
793 ; 1
794 ; 1
795 ; 2
796 ; 1
798 ; 1
799 ; 2
801 ; 1
4898 ; 1
804 ; 2
805 ; 1
808 ; 3
809 ; 1
810 ; 1
812 ; 1
815 ; 2
819 ; 2
821 ; 1
822 ; 1
824 ; 1
826 ; 1
827 ; 1
828 ; 1
829 ; 1
832 ; 1
835 ; 1
836 ; 1
838 ; 1
840 ; 1
841 ; 1
844 ; 1
846 ; 1
848 ; 2
849 ; 1
855 ; 1
856 ; 1
860 ; 1
862 ; 1
863 ; 1
865 ; 1
866 ; 2
868 ; 1
869 ; 1
4966 ; 1
874 ; 1
875 ; 1
877 ; 2
883 ; 1
2934 ; 1
2937 ; 1
891 ; 1
893 ; 1
895 ; 1
898 ; 1
905 ; 1
906 ; 1
907 ; 2
909 ; 1
910 ; 2
916 ; 1
917 ; 1
921 ; 1
926 ; 1
927 ; 1
928 ; 1
930 ; 1
932 ; 1
2981 ; 1
934 ; 1
939 ; 2
942 ; 1
947 ; 2
5045 ; 1
951 ; 1
959 ; 1
964 ; 1
965 ; 1
967 ; 1
973 ; 1
974 ; 3
979 ; 2
982 ; 1
983 ; 1
996 ; 1
999 ; 1
1015 ; 1
1016 ; 2
3065 ; 1
1020 ; 1
1021 ; 1
1023 ; 2
1029 ; 1
1030 ; 1
1045 ; 1
1046 ; 1
1058 ; 1
3108 ; 1
1061 ; 1
1067 ; 1
1073 ; 1
1074 ; 1
1079 ; 1
1087 ; 1
1089 ; 1
1092 ; 1
1097 ; 1
1114 ; 2
1118 ; 1
1123 ; 1
1129 ; 1
1130 ; 1
1131 ; 1
1134 ; 1
1137 ; 1
1138 ; 1
1140 ; 1
1146 ; 1
1147 ; 1
1151 ; 1
1154 ; 1
1161 ; 1
1163 ; 1
1164 ; 1
1169 ; 1
1170 ; 2
1180 ; 1
7329 ; 1
1198 ; 1
3246 ; 1
3247 ; 1
1204 ; 1
5304 ; 1
1215 ; 1
1228 ; 2
5332 ; 1
1240 ; 1
1244 ; 1
1258 ; 1
1262 ; 2
1263 ; 1
3313 ; 1
1268 ; 1
1273 ; 1
1278 ; 1
3328 ; 1
1287 ; 1
1296 ; 1
1300 ; 1
1305 ; 1
1312 ; 2
1332 ; 1
1340 ; 1
1344 ; 1
1350 ; 1
1352 ; 1
1353 ; 1
3403 ; 1
1368 ; 1
1370 ; 1
1373 ; 1
11618 ; 1
1380 ; 1
1389 ; 1
1394 ; 1
1396 ; 1
1405 ; 1
1408 ; 1
7558 ; 1
1416 ; 1
3466 ; 1
1429 ; 1
3487 ; 1
1439 ; 1
1461 ; 1
1462 ; 1
3515 ; 1
1473 ; 1
1482 ; 1
1525 ; 1
1534 ; 1
1553 ; 1
1572 ; 1
1581 ; 1
3643 ; 1
1603 ; 1
1619 ; 1
1621 ; 1
5761 ; 1
1683 ; 1
1684 ; 1
1702 ; 1
1710 ; 1
3787 ; 1
1747 ; 1
1774 ; 1
1775 ; 1
1785 ; 1
1787 ; 1
1791 ; 1
1814 ; 1
1820 ; 1
1834 ; 1
3906 ; 1
1869 ; 1
5974 ; 1
1887 ; 1
1901 ; 1
3953 ; 1
1915 ; 1
1922 ; 1
1944 ; 1
4036 ; 1
1991 ; 1
10192 ; 2
2013 ; 1
2016 ; 1

Distribuzione di valori distinti (quante colonne hanno 1, 2, 3, 4, etc. valori distinti) 
[Chiave: numero di valori distinti, Valore: quante colonne hanno quel numero di valori distinti su tutte le tabelle]
0 ; 23146
1 ; 125842
2 ; 239021
3 ; 242923
4 ; 219408
5 ; 222610
6 ; 226810
7 ; 168539
8 ; 136986
9 ; 102766
10 ; 86891
11 ; 67001
12 ; 59476
13 ; 45858
14 ; 39816
15 ; 32311
16 ; 31638
17 ; 24123
18 ; 20845
19 ; 16786
20 ; 16896
21 ; 13555
22 ; 13607
23 ; 11961
24 ; 10933
25 ; 9638
26 ; 9503
27 ; 7245
28 ; 6736
29 ; 6491
30 ; 6901
31 ; 6912
32 ; 6995
33 ; 6061
34 ; 5337
35 ; 4946
36 ; 4465
37 ; 3894
38 ; 3534
39 ; 3251
40 ; 3250
41 ; 2763
42 ; 2566
43 ; 2598
44 ; 2671
45 ; 2241
46 ; 2078
47 ; 2043
48 ; 1973
49 ; 1844
50 ; 2074
51 ; 1787
52 ; 1675
53 ; 1471
54 ; 1467
55 ; 1309
56 ; 1260
57 ; 1289
58 ; 1278
59 ; 1190
60 ; 1112
61 ; 1040
62 ; 981
63 ; 887
64 ; 944
65 ; 931
66 ; 850
67 ; 804
68 ; 774
69 ; 710
2117 ; 1
70 ; 762
71 ; 743
72 ; 655
73 ; 646
74 ; 587
75 ; 639
76 ; 655
77 ; 530
78 ; 525
79 ; 478
80 ; 565
81 ; 546
82 ; 475
83 ; 442
84 ; 417
85 ; 438
86 ; 389
87 ; 405
88 ; 427
89 ; 425
90 ; 420
91 ; 361
92 ; 428
93 ; 405
94 ; 386
95 ; 370
96 ; 315
97 ; 309
98 ; 336
99 ; 342
100 ; 9982
101 ; 285
102 ; 242
103 ; 259
104 ; 234
105 ; 235
106 ; 240
107 ; 241
108 ; 208
109 ; 186
110 ; 199
111 ; 210
112 ; 203
113 ; 184
114 ; 203
115 ; 188
116 ; 216
117 ; 164
118 ; 188
119 ; 169
120 ; 189
121 ; 182
122 ; 160
123 ; 167
124 ; 197
125 ; 199
126 ; 145
2174 ; 1
127 ; 153
128 ; 197
129 ; 155
130 ; 132
131 ; 121
132 ; 120
133 ; 120
134 ; 119
135 ; 107
136 ; 90
137 ; 67
138 ; 97
139 ; 87
140 ; 102
141 ; 110
142 ; 94
143 ; 108
144 ; 90
145 ; 92
146 ; 98
147 ; 89
148 ; 93
149 ; 75
150 ; 131
151 ; 105
152 ; 84
153 ; 61
154 ; 76
155 ; 88
156 ; 79
157 ; 75
158 ; 65
159 ; 67
160 ; 73
161 ; 62
162 ; 56
163 ; 64
164 ; 77
165 ; 62
166 ; 61
167 ; 53
168 ; 62
169 ; 53
170 ; 40
171 ; 54
172 ; 55
173 ; 49
174 ; 52
175 ; 49
176 ; 53
177 ; 47
178 ; 46
2226 ; 1
179 ; 50
180 ; 50
181 ; 39
2229 ; 1
182 ; 51
183 ; 54
184 ; 45
185 ; 47
186 ; 39
187 ; 47
188 ; 53
189 ; 46
190 ; 45
191 ; 45
192 ; 33
193 ; 95
194 ; 42
195 ; 58
196 ; 44
197 ; 31
198 ; 47
199 ; 48
200 ; 50
201 ; 39
202 ; 44
203 ; 41
204 ; 35
205 ; 42
206 ; 34
207 ; 39
208 ; 32
209 ; 39
210 ; 41
211 ; 43
212 ; 37
213 ; 30
214 ; 41
215 ; 21
216 ; 36
217 ; 33
218 ; 21
219 ; 34
220 ; 24
221 ; 25
222 ; 26
223 ; 34
224 ; 27
225 ; 37
226 ; 36
227 ; 21
228 ; 20
2276 ; 1
229 ; 31
230 ; 23
231 ; 28
232 ; 29
233 ; 32
234 ; 26
235 ; 42
236 ; 30
237 ; 25
238 ; 23
239 ; 13
240 ; 18
241 ; 18
242 ; 27
243 ; 28
244 ; 19
245 ; 12
246 ; 16
247 ; 15
248 ; 22
249 ; 27
250 ; 23
251 ; 21
252 ; 18
253 ; 15
254 ; 13
255 ; 13
2303 ; 2
256 ; 53
257 ; 12
258 ; 20
259 ; 30
260 ; 36
261 ; 24
262 ; 17
263 ; 18
264 ; 24
265 ; 12
266 ; 15
267 ; 13
268 ; 13
269 ; 19
270 ; 15
271 ; 10
272 ; 9
273 ; 12
274 ; 15
275 ; 12
276 ; 6
277 ; 10
278 ; 6
279 ; 16
280 ; 5
281 ; 9
282 ; 13
283 ; 14
284 ; 12
285 ; 10
286 ; 13
287 ; 14
288 ; 17
289 ; 13
290 ; 11
291 ; 8
292 ; 16
293 ; 9
294 ; 8
295 ; 14
296 ; 16
297 ; 12
298 ; 8
299 ; 14
300 ; 21
301 ; 11
302 ; 12
303 ; 9
304 ; 1
305 ; 12
306 ; 12
307 ; 15
308 ; 7
309 ; 13
310 ; 5
311 ; 5
312 ; 10
313 ; 10
314 ; 9
315 ; 12
316 ; 6
317 ; 8
318 ; 4
319 ; 7
320 ; 5
321 ; 9
322 ; 11
323 ; 9
324 ; 4
325 ; 8
326 ; 9
327 ; 6
328 ; 5
329 ; 6
330 ; 10
331 ; 4
332 ; 8
333 ; 6
334 ; 4
335 ; 6
336 ; 7
337 ; 4
338 ; 5
339 ; 3
340 ; 11
341 ; 6
342 ; 8
343 ; 8
344 ; 3
345 ; 11
346 ; 12
347 ; 9
348 ; 5
349 ; 13
350 ; 3
351 ; 11
352 ; 8
353 ; 13
354 ; 9
355 ; 8
356 ; 10
357 ; 6
358 ; 2
359 ; 5
360 ; 7
361 ; 22
362 ; 13
363 ; 8
364 ; 7
365 ; 5
366 ; 7
367 ; 4
368 ; 2
369 ; 3
370 ; 7
371 ; 3
372 ; 4
373 ; 6
374 ; 7
375 ; 4
376 ; 5
377 ; 5
378 ; 3
379 ; 5
380 ; 4
381 ; 3
382 ; 2
383 ; 8
384 ; 6
385 ; 5
386 ; 5
387 ; 2
388 ; 7
389 ; 6
390 ; 7
391 ; 3
392 ; 3
393 ; 6
394 ; 5
395 ; 4
396 ; 5
397 ; 6
398 ; 4
399 ; 4
400 ; 7
401 ; 10
402 ; 4
403 ; 4
404 ; 6
405 ; 4
406 ; 4
407 ; 5
408 ; 2
409 ; 4
410 ; 6
411 ; 10
412 ; 25
413 ; 10
414 ; 5
415 ; 4
416 ; 5
417 ; 2
418 ; 3
419 ; 12
420 ; 4
421 ; 7
422 ; 3
423 ; 6
424 ; 3
425 ; 5
426 ; 4
427 ; 9
428 ; 7
429 ; 5
430 ; 4
431 ; 10
432 ; 10
433 ; 14
434 ; 15
435 ; 26
436 ; 12
437 ; 1
439 ; 8
440 ; 7
441 ; 8
442 ; 5
443 ; 10
444 ; 12
445 ; 6
446 ; 5
447 ; 6
448 ; 5
449 ; 5
450 ; 6
451 ; 5
452 ; 3
453 ; 8
454 ; 3
455 ; 5
456 ; 3
457 ; 2
458 ; 3
459 ; 7
460 ; 2
2508 ; 1
461 ; 4
462 ; 4
463 ; 2
464 ; 2
465 ; 7
466 ; 4
467 ; 4
468 ; 2
470 ; 5
471 ; 1
472 ; 1
473 ; 4
474 ; 2
475 ; 2
477 ; 1
478 ; 1
479 ; 4
481 ; 2
482 ; 2
483 ; 3
484 ; 1
485 ; 4
486 ; 3
487 ; 2
488 ; 2
489 ; 2
490 ; 5
491 ; 1
493 ; 2
494 ; 2
495 ; 3
496 ; 1
497 ; 4
498 ; 3
500 ; 4
501 ; 7
502 ; 6
503 ; 2
504 ; 2
505 ; 3
506 ; 3
507 ; 4
508 ; 1
509 ; 5
510 ; 3
511 ; 2
512 ; 3
513 ; 1
514 ; 4
515 ; 1
517 ; 2
518 ; 3
519 ; 2
520 ; 4
522 ; 2
523 ; 3
526 ; 2
527 ; 5
529 ; 2
2577 ; 1
530 ; 2
531 ; 2
533 ; 3
534 ; 1
2582 ; 1
535 ; 4
536 ; 3
537 ; 1
538 ; 1
539 ; 4
540 ; 1
541 ; 3
542 ; 1
543 ; 2
544 ; 2
545 ; 3
547 ; 1
548 ; 1
549 ; 1
550 ; 2
552 ; 3
553 ; 1
554 ; 1
556 ; 3
557 ; 1
558 ; 2
559 ; 2
560 ; 3
562 ; 2
563 ; 3
565 ; 2
567 ; 1
568 ; 2
569 ; 1
570 ; 2
571 ; 3
573 ; 1
574 ; 4
576 ; 2
577 ; 4
580 ; 2
581 ; 2
582 ; 2
583 ; 2
587 ; 2
588 ; 3
589 ; 3
590 ; 2
591 ; 2
592 ; 1
593 ; 1
595 ; 1
596 ; 4
597 ; 1
599 ; 1
602 ; 2
603 ; 1
605 ; 2
606 ; 1
607 ; 1
609 ; 1
610 ; 2
611 ; 4
613 ; 1
618 ; 1
619 ; 1
621 ; 2
622 ; 1
624 ; 3
626 ; 3
627 ; 2
628 ; 1
629 ; 2
630 ; 6
633 ; 1
634 ; 1
636 ; 2
643 ; 1
645 ; 1
646 ; 1
647 ; 1
648 ; 3
650 ; 3
651 ; 1
652 ; 1
654 ; 3
655 ; 1
657 ; 2
659 ; 1
667 ; 2
668 ; 1
669 ; 1
671 ; 1
672 ; 2
674 ; 1
675 ; 1
678 ; 1
683 ; 3
685 ; 3
686 ; 2
687 ; 2
688 ; 1
692 ; 1
693 ; 1
699 ; 2
700 ; 1
704 ; 1
705 ; 1
706 ; 1
707 ; 1
708 ; 2
710 ; 1
713 ; 2
714 ; 1
715 ; 1
717 ; 2
719 ; 2
720 ; 1
725 ; 2
729 ; 1
731 ; 1
732 ; 1
735 ; 1
737 ; 1
741 ; 1
744 ; 2
746 ; 1
753 ; 1
754 ; 1
757 ; 1
758 ; 1
765 ; 1
769 ; 2
770 ; 1
777 ; 1
778 ; 1
780 ; 1
781 ; 1
782 ; 1
786 ; 3
788 ; 1
791 ; 1
792 ; 1
795 ; 1
796 ; 1
797 ; 2
800 ; 2
805 ; 1
807 ; 1
2856 ; 1
811 ; 1
814 ; 1
815 ; 1
827 ; 1
828 ; 1
830 ; 1
835 ; 1
841 ; 1
844 ; 1
847 ; 1
850 ; 1
2902 ; 1
865 ; 1
868 ; 1
871 ; 1
884 ; 1
885 ; 1
887 ; 1
892 ; 1
898 ; 1
917 ; 1
928 ; 1
930 ; 2
942 ; 1
949 ; 1
950 ; 1
968 ; 1
975 ; 1
977 ; 1
984 ; 1
985 ; 1
987 ; 1
988 ; 1
992 ; 1
1003 ; 1
1005 ; 1
1007 ; 3
1013 ; 1
1022 ; 1
1027 ; 1
1032 ; 1
1033 ; 1
3084 ; 1
1037 ; 1
1042 ; 1
1045 ; 1
1048 ; 1
1051 ; 1
1062 ; 1
1068 ; 1
1084 ; 1
1089 ; 1
1090 ; 1
1093 ; 1
3142 ; 1
1101 ; 1
1104 ; 1
1112 ; 1
1113 ; 1
1120 ; 1
1124 ; 1
1181 ; 1
1195 ; 1
3258 ; 1
1216 ; 1
1227 ; 1
1234 ; 1
1237 ; 1
1248 ; 1
1253 ; 1
1268 ; 1
1276 ; 1
1277 ; 1
1297 ; 1
1308 ; 1
1335 ; 1
1337 ; 1
1344 ; 1
1368 ; 1
1376 ; 2
1378 ; 1
5488 ; 1
1419 ; 1
1444 ; 1
1445 ; 1
1483 ; 1
1493 ; 1
1497 ; 1
1501 ; 1
1507 ; 1
1524 ; 1
1542 ; 1
1588 ; 1
1601 ; 1
1622 ; 1
5747 ; 1
1651 ; 1
1690 ; 1
1734 ; 1
1762 ; 1
1766 ; 1
1779 ; 1
3836 ; 1
1798 ; 1
1800 ; 1
1813 ; 1
1821 ; 1
1877 ; 1
5992 ; 1
1977 ; 1
2033 ; 1
2046 ; 1

Distribuzione di valori distinti (quante tabelle hanno 1, 2, 3, 4, etc. valori distinti) 
[Chiave: numero di valori distinti, Valore: quante tabelle hanno quel numero di valori distinti]
0 ; 101
1 ; 279
2 ; 334
3 ; 1380
4 ; 2697
5 ; 5012
6 ; 8533
7 ; 10653
8 ; 14041
9 ; 15109
10 ; 15618
11 ; 18728
2059 ; 1
12 ; 30984
13 ; 13068
14 ; 26328
15 ; 28632
16 ; 13518
17 ; 15022
18 ; 23113
19 ; 14877
20 ; 12529
21 ; 16518
22 ; 12470
23 ; 10342
24 ; 12714
25 ; 9342
26 ; 8346
2074 ; 1
27 ; 8814
28 ; 7901
29 ; 6349
30 ; 7157
31 ; 6217
32 ; 5743
33 ; 5485
34 ; 5083
35 ; 4735
36 ; 5013
2084 ; 1
37 ; 4082
38 ; 3958
39 ; 3915
40 ; 3823
41 ; 3456
42 ; 3735
43 ; 3175
44 ; 3374
45 ; 3277
46 ; 3033
47 ; 2821
48 ; 3051
49 ; 2503
50 ; 2417
51 ; 2360
52 ; 2376
2100 ; 1
53 ; 2232
54 ; 2267
8246 ; 1
55 ; 2198
56 ; 2050
57 ; 1849
2105 ; 1
58 ; 1735
59 ; 1722
60 ; 1894
61 ; 1590
62 ; 1562
63 ; 1519
64 ; 1511
65 ; 1366
66 ; 1367
67 ; 1285
68 ; 1331
69 ; 1271
4165 ; 1
70 ; 1203
71 ; 1174
72 ; 1233
73 ; 1131
2121 ; 1
74 ; 1088
75 ; 1153
76 ; 1071
77 ; 1000
78 ; 1139
79 ; 952
80 ; 937
81 ; 929
82 ; 849
83 ; 901
4179 ; 1
84 ; 909
85 ; 823
86 ; 818
87 ; 819
88 ; 788
89 ; 783
90 ; 795
91 ; 690
92 ; 717
93 ; 776
94 ; 652
95 ; 668
96 ; 844
97 ; 625
98 ; 634
99 ; 757
100 ; 550
101 ; 631
102 ; 654
103 ; 545
2151 ; 1
104 ; 535
105 ; 642
106 ; 504
107 ; 477
108 ; 527
2156 ; 1
109 ; 425
110 ; 492
4206 ; 1
111 ; 460
112 ; 427
113 ; 408
114 ; 407
115 ; 379
116 ; 386
117 ; 391
118 ; 336
119 ; 399
120 ; 371
121 ; 313
122 ; 318
123 ; 366
124 ; 315
125 ; 327
126 ; 290
127 ; 277
128 ; 422
129 ; 283
130 ; 280
131 ; 287
132 ; 273
133 ; 260
134 ; 243
135 ; 272
136 ; 246
137 ; 259
138 ; 251
139 ; 214
140 ; 278
141 ; 228
142 ; 269
143 ; 215
144 ; 235
145 ; 202
146 ; 232
147 ; 215
148 ; 217
149 ; 216
150 ; 208
151 ; 189
152 ; 230
153 ; 212
154 ; 175
155 ; 187
156 ; 211
157 ; 175
158 ; 178
159 ; 162
160 ; 182
161 ; 167
162 ; 161
163 ; 155
164 ; 149
165 ; 144
166 ; 150
167 ; 141
168 ; 156
169 ; 150
170 ; 161
171 ; 158
172 ; 145
173 ; 142
174 ; 126
175 ; 147
176 ; 129
177 ; 118
178 ; 133
179 ; 142
180 ; 118
181 ; 128
182 ; 130
183 ; 116
184 ; 147
185 ; 132
186 ; 110
187 ; 113
188 ; 101
189 ; 101
190 ; 110
191 ; 126
192 ; 95
193 ; 107
194 ; 113
195 ; 115
196 ; 96
197 ; 112
198 ; 98
4294 ; 1
199 ; 124
200 ; 99
201 ; 96
202 ; 81
203 ; 76
204 ; 103
205 ; 82
206 ; 87
207 ; 100
208 ; 106
209 ; 100
210 ; 83
211 ; 84
212 ; 97
213 ; 114
214 ; 102
215 ; 107
216 ; 103
217 ; 93
2265 ; 1
218 ; 93
219 ; 88
220 ; 103
221 ; 107
222 ; 92
223 ; 97
224 ; 123
225 ; 102
226 ; 114
227 ; 115
228 ; 101
229 ; 98
230 ; 111
231 ; 117
232 ; 123
233 ; 105
234 ; 99
235 ; 111
236 ; 97
237 ; 106
238 ; 130
239 ; 98
240 ; 153
241 ; 121
242 ; 115
243 ; 124
244 ; 112
245 ; 112
246 ; 104
247 ; 131
248 ; 120
249 ; 107
250 ; 145
251 ; 114
252 ; 98
253 ; 106
254 ; 134
255 ; 108
256 ; 136
257 ; 117
258 ; 112
259 ; 106
260 ; 109
261 ; 102
262 ; 102
263 ; 91
264 ; 99
265 ; 89
266 ; 102
267 ; 98
268 ; 116
269 ; 102
270 ; 90
271 ; 98
272 ; 104
273 ; 86
274 ; 95
275 ; 80
276 ; 94
277 ; 86
278 ; 93
279 ; 98
280 ; 102
281 ; 95
282 ; 66
283 ; 85
284 ; 77
285 ; 67
286 ; 75
287 ; 64
288 ; 63
289 ; 70
290 ; 54
291 ; 55
292 ; 57
293 ; 61
294 ; 50
295 ; 40
296 ; 58
297 ; 62
298 ; 51
299 ; 54
300 ; 52
301 ; 57
302 ; 55
303 ; 77
304 ; 69
305 ; 76
306 ; 74
307 ; 58
308 ; 71
309 ; 62
310 ; 75
311 ; 60
312 ; 71
313 ; 57
314 ; 59
315 ; 58
2363 ; 1
316 ; 62
317 ; 44
318 ; 44
319 ; 40
320 ; 58
321 ; 35
322 ; 46
323 ; 38
324 ; 37
325 ; 44
326 ; 42
327 ; 34
328 ; 37
329 ; 29
330 ; 24
331 ; 19
332 ; 25
333 ; 22
334 ; 12
335 ; 23
336 ; 26
337 ; 30
338 ; 19
339 ; 33
340 ; 20
341 ; 29
342 ; 15
343 ; 21
344 ; 21
345 ; 18
346 ; 25
2394 ; 1
347 ; 24
348 ; 18
349 ; 29
350 ; 19
351 ; 17
352 ; 24
353 ; 17
354 ; 14
355 ; 22
356 ; 33
357 ; 19
358 ; 28
359 ; 18
360 ; 18
361 ; 24
362 ; 24
363 ; 29
364 ; 25
365 ; 22
366 ; 27
367 ; 16
368 ; 20
369 ; 21
370 ; 23
371 ; 23
372 ; 19
373 ; 22
374 ; 13
375 ; 28
376 ; 21
377 ; 12
378 ; 9
379 ; 23
380 ; 20
381 ; 20
382 ; 20
383 ; 13
384 ; 18
385 ; 19
386 ; 21
387 ; 17
2435 ; 1
388 ; 8
389 ; 18
390 ; 13
391 ; 14
392 ; 12
393 ; 10
394 ; 14
395 ; 17
396 ; 12
397 ; 17
398 ; 19
399 ; 17
400 ; 15
401 ; 17
402 ; 15
403 ; 12
404 ; 8
405 ; 9
406 ; 13
407 ; 20
408 ; 16
2456 ; 1
409 ; 21
410 ; 13
411 ; 19
412 ; 7
413 ; 11
414 ; 14
415 ; 14
416 ; 14
417 ; 13
418 ; 10
419 ; 15
420 ; 13
421 ; 16
422 ; 17
423 ; 10
424 ; 9
425 ; 14
426 ; 12
427 ; 14
428 ; 10
429 ; 8
430 ; 21
431 ; 16
432 ; 7
433 ; 13
434 ; 19
435 ; 12
436 ; 14
437 ; 12
438 ; 19
439 ; 7
440 ; 16
441 ; 9
442 ; 12
443 ; 13
444 ; 7
4540 ; 1
445 ; 11
446 ; 12
447 ; 11
448 ; 7
449 ; 18
450 ; 11
451 ; 14
452 ; 14
453 ; 9
454 ; 9
6598 ; 1
455 ; 10
2503 ; 2
456 ; 12
457 ; 10
458 ; 6
459 ; 14
2507 ; 1
460 ; 11
461 ; 11
462 ; 20
463 ; 9
464 ; 9
465 ; 8
466 ; 12
467 ; 10
468 ; 6
469 ; 4
470 ; 10
471 ; 10
472 ; 6
473 ; 16
474 ; 13
475 ; 4
476 ; 8
477 ; 6
478 ; 5
479 ; 7
480 ; 9
481 ; 6
482 ; 12
483 ; 6
484 ; 9
485 ; 13
486 ; 6
487 ; 9
2535 ; 1
488 ; 4
489 ; 10
490 ; 5
491 ; 8
492 ; 10
493 ; 3
494 ; 11
495 ; 5
496 ; 7
497 ; 9
498 ; 8
499 ; 14
500 ; 2
501 ; 6
502 ; 9
503 ; 9
504 ; 3
505 ; 12
506 ; 6
507 ; 7
508 ; 7
509 ; 7
510 ; 9
511 ; 2
512 ; 6
513 ; 11
514 ; 6
515 ; 8
516 ; 9
517 ; 4
518 ; 4
519 ; 6
520 ; 9
521 ; 7
522 ; 7
523 ; 11
524 ; 4
525 ; 6
526 ; 7
527 ; 7
528 ; 8
529 ; 10
530 ; 8
531 ; 10
532 ; 3
533 ; 6
534 ; 8
535 ; 11
536 ; 6
537 ; 7
538 ; 8
539 ; 5
540 ; 7
541 ; 9
542 ; 8
543 ; 9
544 ; 7
545 ; 7
546 ; 5
547 ; 3
548 ; 1
549 ; 5
550 ; 5
551 ; 9
552 ; 5
4648 ; 1
553 ; 3
554 ; 4
555 ; 2
556 ; 4
557 ; 4
558 ; 3
559 ; 2
560 ; 5
561 ; 6
562 ; 5
563 ; 4
564 ; 10
565 ; 3
566 ; 4
567 ; 1
568 ; 8
569 ; 7
570 ; 4
571 ; 7
572 ; 6
573 ; 7
574 ; 3
575 ; 4
576 ; 5
577 ; 4
578 ; 3
579 ; 5
581 ; 2
2629 ; 1
582 ; 5
583 ; 2
584 ; 1
585 ; 4
586 ; 1
587 ; 1
588 ; 5
589 ; 8
590 ; 5
591 ; 4
592 ; 3
593 ; 9
594 ; 5
595 ; 5
596 ; 7
597 ; 5
598 ; 4
599 ; 7
600 ; 7
601 ; 3
603 ; 5
604 ; 8
605 ; 7
2653 ; 1
606 ; 3
607 ; 4
608 ; 6
609 ; 5
610 ; 7
611 ; 2
612 ; 7
613 ; 5
614 ; 1
615 ; 2
616 ; 5
617 ; 4
618 ; 6
619 ; 3
621 ; 3
622 ; 5
623 ; 1
624 ; 4
625 ; 3
626 ; 2
627 ; 1
628 ; 4
629 ; 5
630 ; 5
631 ; 7
632 ; 3
633 ; 5
634 ; 4
635 ; 7
636 ; 3
637 ; 2
638 ; 5
639 ; 2
640 ; 4
641 ; 7
642 ; 4
643 ; 5
644 ; 3
645 ; 4
646 ; 2
647 ; 5
649 ; 4
650 ; 1
651 ; 2
652 ; 1
4749 ; 1
653 ; 5
654 ; 4
655 ; 4
656 ; 1
657 ; 2
658 ; 2
659 ; 3
660 ; 2
661 ; 1
662 ; 2
663 ; 1
664 ; 3
665 ; 4
666 ; 7
667 ; 3
668 ; 1
669 ; 8
670 ; 3
671 ; 1
672 ; 2
673 ; 6
674 ; 3
676 ; 2
677 ; 3
678 ; 2
679 ; 4
680 ; 4
681 ; 2
682 ; 6
683 ; 3
685 ; 1
686 ; 2
687 ; 3
688 ; 1
689 ; 1
690 ; 5
691 ; 4
692 ; 1
693 ; 1
694 ; 2
695 ; 2
696 ; 2
697 ; 3
698 ; 9
699 ; 2
700 ; 5
701 ; 5
702 ; 4
703 ; 4
704 ; 2
705 ; 7
706 ; 2
707 ; 4
708 ; 4
709 ; 2
710 ; 3
711 ; 3
712 ; 3
713 ; 2
714 ; 3
715 ; 3
717 ; 3
718 ; 1
719 ; 2
720 ; 3
721 ; 3
722 ; 2
723 ; 5
724 ; 1
725 ; 5
726 ; 5
727 ; 5
2775 ; 1
728 ; 4
4824 ; 1
729 ; 2
731 ; 2
732 ; 3
733 ; 3
734 ; 1
735 ; 4
736 ; 3
737 ; 1
738 ; 3
739 ; 3
740 ; 3
741 ; 2
742 ; 3
743 ; 3
744 ; 1
746 ; 1
747 ; 3
748 ; 3
749 ; 2
750 ; 1
751 ; 1
752 ; 2
753 ; 1
754 ; 2
755 ; 3
756 ; 5
757 ; 3
758 ; 1
759 ; 2
760 ; 3
762 ; 6
763 ; 3
764 ; 1
765 ; 2
766 ; 2
767 ; 2
768 ; 4
769 ; 1
770 ; 2
771 ; 3
772 ; 2
773 ; 2
774 ; 1
775 ; 3
776 ; 3
777 ; 2
778 ; 1
779 ; 3
780 ; 3
781 ; 4
782 ; 1
783 ; 9
784 ; 2
785 ; 4
786 ; 2
787 ; 4
788 ; 1
789 ; 2
790 ; 5
791 ; 3
793 ; 3
796 ; 1
798 ; 1
799 ; 3
800 ; 1
801 ; 4
802 ; 3
803 ; 1
804 ; 3
805 ; 1
806 ; 1
807 ; 2
808 ; 6
809 ; 1
810 ; 2
811 ; 1
812 ; 3
2860 ; 1
4908 ; 1
813 ; 2
814 ; 1
815 ; 3
816 ; 2
818 ; 3
819 ; 1
820 ; 3
821 ; 2
822 ; 1
4918 ; 1
823 ; 1
824 ; 3
825 ; 1
827 ; 2
828 ; 3
830 ; 1
831 ; 2
832 ; 4
834 ; 2
835 ; 2
836 ; 1
837 ; 2
839 ; 1
840 ; 2
841 ; 2
4937 ; 1
842 ; 2
843 ; 1
844 ; 1
2892 ; 1
845 ; 1
846 ; 3
847 ; 2
848 ; 1
851 ; 1
852 ; 1
853 ; 1
855 ; 1
857 ; 3
858 ; 2
859 ; 3
860 ; 2
861 ; 1
862 ; 1
863 ; 2
864 ; 1
865 ; 1
866 ; 1
867 ; 3
868 ; 2
869 ; 1
871 ; 2
872 ; 2
873 ; 2
875 ; 1
876 ; 5
877 ; 1
878 ; 1
879 ; 1
881 ; 5
884 ; 1
885 ; 1
886 ; 2
887 ; 1
888 ; 5
889 ; 5
890 ; 2
891 ; 1
892 ; 2
893 ; 7
894 ; 5
895 ; 1
896 ; 5
897 ; 1
2946 ; 1
898 ; 4
899 ; 3
900 ; 2
901 ; 2
902 ; 1
903 ; 1
905 ; 3
906 ; 5
907 ; 3
908 ; 3
909 ; 2
910 ; 2
911 ; 4
912 ; 2
914 ; 1
917 ; 1
918 ; 1
919 ; 3
920 ; 2
921 ; 2
922 ; 4
923 ; 2
924 ; 1
925 ; 5
927 ; 2
928 ; 1
929 ; 2
930 ; 2
931 ; 1
932 ; 1
934 ; 1
936 ; 1
937 ; 2
938 ; 4
941 ; 1
943 ; 4
944 ; 1
945 ; 2
947 ; 2
948 ; 3
950 ; 1
951 ; 1
952 ; 1
953 ; 2
954 ; 1
955 ; 1
956 ; 1
957 ; 1
958 ; 1
959 ; 2
960 ; 1
963 ; 1
964 ; 1
965 ; 1
966 ; 1
968 ; 4
969 ; 1
971 ; 1
974 ; 1
975 ; 1
976 ; 3
977 ; 2
978 ; 2
979 ; 2
980 ; 1
981 ; 1
983 ; 1
986 ; 2
987 ; 2
990 ; 3
991 ; 3
994 ; 1
995 ; 2
997 ; 1
1000 ; 1
1001 ; 1
1002 ; 2
1003 ; 1
1004 ; 1
1006 ; 3
1009 ; 1
1010 ; 3
1011 ; 1
1012 ; 2
1013 ; 1
1015 ; 1
1017 ; 1
1018 ; 1
1020 ; 1
1021 ; 1
1023 ; 1
1024 ; 1
1029 ; 3
1030 ; 1
1033 ; 1
1036 ; 2
1041 ; 1
1042 ; 1
1043 ; 1
9236 ; 1
1045 ; 1
1046 ; 1
1048 ; 6
1050 ; 1
1051 ; 2
1055 ; 1
1057 ; 1
3107 ; 1
1060 ; 1
1061 ; 1
1062 ; 2
1067 ; 1
1069 ; 1
1074 ; 1
1075 ; 2
1078 ; 1
1079 ; 1
1080 ; 1
1090 ; 1
1091 ; 2
1093 ; 1
1094 ; 2
1097 ; 1
1098 ; 3
1099 ; 1
1100 ; 1
1101 ; 2
1104 ; 2
1105 ; 1
1106 ; 1
1108 ; 1
1109 ; 3
1110 ; 1
1112 ; 1
1116 ; 2
1119 ; 1
1123 ; 1
1124 ; 1
1126 ; 1
1130 ; 2
1133 ; 3
1134 ; 1
1142 ; 1
1145 ; 2
1146 ; 1
1152 ; 1
1154 ; 1
1155 ; 1
1157 ; 1
1162 ; 1
1163 ; 1
1165 ; 1
1167 ; 1
1174 ; 1
1176 ; 1
1181 ; 1
1182 ; 1
1185 ; 1
1186 ; 1
1188 ; 1
3237 ; 1
1194 ; 1
1196 ; 2
1198 ; 2
1200 ; 1
1203 ; 1
1206 ; 1
1208 ; 1
1209 ; 1
1212 ; 1
1213 ; 1
1215 ; 1
1221 ; 2
1225 ; 1
1226 ; 1
1235 ; 2
1237 ; 1
3287 ; 1
1239 ; 1
1242 ; 1
1245 ; 1
1248 ; 1
1249 ; 3
1251 ; 3
1252 ; 1
1256 ; 1
1257 ; 1
1261 ; 1
1263 ; 1
1271 ; 1
3322 ; 1
1276 ; 1
1277 ; 2
1287 ; 1
1289 ; 1
1293 ; 1
1300 ; 1
1307 ; 2
17692 ; 1
1309 ; 1
1316 ; 2
1319 ; 2
1321 ; 1
1324 ; 1
1329 ; 1
1334 ; 1
3383 ; 1
1339 ; 1
1341 ; 1
1342 ; 1
1347 ; 1
1350 ; 1
1351 ; 2
1353 ; 1
1355 ; 1
3403 ; 1
1357 ; 1
1362 ; 1
1368 ; 1
1371 ; 1
1374 ; 1
1378 ; 2
1380 ; 1
1393 ; 1
1402 ; 1
1403 ; 1
1404 ; 3
1406 ; 1
5505 ; 1
1413 ; 1
1415 ; 1
1420 ; 1
1425 ; 1
1439 ; 1
1442 ; 1
5547 ; 1
5551 ; 1
1456 ; 1
3505 ; 1
1467 ; 2
1469 ; 1
1472 ; 1
1473 ; 1
1482 ; 2
1488 ; 1
3536 ; 1
1489 ; 2
1494 ; 1
1500 ; 1
1507 ; 2
1511 ; 1
1515 ; 1
1521 ; 1
1522 ; 1
1544 ; 1
1569 ; 1
1571 ; 1
1572 ; 2
1584 ; 1
1591 ; 1
1594 ; 1
1596 ; 1
1599 ; 1
1603 ; 1
1608 ; 1
1609 ; 1
1617 ; 1
1618 ; 1
3668 ; 1
1620 ; 1
1636 ; 1
1648 ; 1
1660 ; 2
1669 ; 2
1673 ; 1
1680 ; 1
5778 ; 1
1701 ; 1
1704 ; 1
1711 ; 1
1724 ; 1
1741 ; 1
1747 ; 1
1749 ; 1
1757 ; 1
1758 ; 1
1767 ; 1
1781 ; 1
1789 ; 1
3838 ; 1
1793 ; 1
3846 ; 1
1805 ; 2
1806 ; 1
1808 ; 2
1812 ; 1
1820 ; 1
3884 ; 1
1849 ; 1
1869 ; 1
3924 ; 1
1877 ; 1
1890 ; 1
1906 ; 2
1907 ; 1
1919 ; 1
1927 ; 1
1930 ; 1
1933 ; 1
4004 ; 1
1977 ; 1
1993 ; 1
2030 ; 1
2042 ; 1
2044 ; 1

Distribuzione in percentuale di valori nulli (quante tabelle hanno il 10%, 20%, etc. valori nulli) 
[Chiave: percentuale di valori nulli, Valore: quante tabelle hanno quella percentuale di valori nulli]
0 ; 305480
1 ; 2
2 ; 1
3 ; 10
4 ; 111
4100 ; 22
5 ; 65
6 ; 65
7 ; 101
8 ; 86
8200 ; 4
9 ; 86
10 ; 114
11 ; 179
12 ; 190
13 ; 21
4109 ; 1
14 ; 305
15 ; 25
4111 ; 1
16 ; 824
4112 ; 1
17 ; 18
18 ; 69
19 ; 5
8211 ; 1
20 ; 3964
4116 ; 1
21 ; 37
22 ; 141
23 ; 66
4119 ; 1
4120 ; 4
24 ; 1
25 ; 4241
26 ; 26
27 ; 56
28 ; 423
29 ; 8
4125 ; 3
30 ; 80
31 ; 11
32 ; 3
4128 ; 2
33 ; 11474
34 ; 1
35 ; 25
36 ; 36
37 ; 153
4133 ; 8
12325 ; 1
38 ; 15
39 ; 1
40 ; 2732
41 ; 30
4137 ; 1
8233 ; 2
42 ; 216
43 ; 8
44 ; 118
4140 ; 1
45 ; 22
46 ; 23
47 ; 12
48 ; 2
50 ; 4594
8242 ; 1
51 ; 2
52 ; 11
12340 ; 1
53 ; 26
54 ; 26
4150 ; 8
55 ; 36
56 ; 7
57 ; 430
8250 ; 1
58 ; 26
59 ; 2
60 ; 1307
61 ; 18
4157 ; 1
62 ; 100
63 ; 25
64 ; 13
4160 ; 2
65 ; 2
66 ; 10711
4162 ; 1
67 ; 1
68 ; 11
4164 ; 1
69 ; 9
70 ; 35
4166 ; 13
71 ; 145
72 ; 36
73 ; 10
8266 ; 2
75 ; 19083
76 ; 32
77 ; 64
78 ; 7
4175 ; 3
80 ; 2104
4176 ; 1
81 ; 30
4177 ; 1
82 ; 8
83 ; 905
8275 ; 1
84 ; 13
85 ; 406
4181 ; 1
86 ; 10
87 ; 104
4183 ; 1
8279 ; 1
88 ; 259
8280 ; 1
89 ; 3
90 ; 470
12378 ; 1
91 ; 71
92 ; 416
12380 ; 1
93 ; 307
8285 ; 1
94 ; 671
28766 ; 1
95 ; 613
96 ; 181
97 ; 1
99 ; 1
100 ; 33536
102 ; 1
4200 ; 14
104 ; 7
105 ; 4
106 ; 16
107 ; 22
108 ; 14
8300 ; 1
109 ; 17
110 ; 31
111 ; 48
112 ; 54
12400 ; 2
113 ; 5
114 ; 202
115 ; 10
116 ; 544
117 ; 2
118 ; 21
119 ; 1
120 ; 1479
121 ; 6
122 ; 17
123 ; 16
4220 ; 2
125 ; 18069
126 ; 6
127 ; 12
4223 ; 1
128 ; 93
4225 ; 7
130 ; 36
131 ; 3
4228 ; 1
133 ; 6558
134 ; 2
135 ; 10
136 ; 11
4232 ; 1
137 ; 46
4233 ; 9
138 ; 18
140 ; 635
141 ; 13
142 ; 146
143 ; 8
144 ; 19
145 ; 15
146 ; 12
4242 ; 1
147 ; 4
148 ; 2
150 ; 14374
152 ; 12
12440 ; 1
153 ; 9
4250 ; 8
154 ; 11
155 ; 38
156 ; 4
16540 ; 1
157 ; 92
158 ; 5
159 ; 4
160 ; 801
161 ; 11
162 ; 26
163 ; 15
164 ; 10
4260 ; 5
165 ; 1
166 ; 4760
168 ; 3
169 ; 10
170 ; 16
4266 ; 10
171 ; 138
172 ; 11
173 ; 6
175 ; 9138
16560 ; 1
176 ; 15
177 ; 27
178 ; 5
4275 ; 4
180 ; 496
181 ; 9
182 ; 5
183 ; 373
184 ; 10
4280 ; 1
185 ; 64
186 ; 6
187 ; 38
4283 ; 1
188 ; 17
8380 ; 1
189 ; 2
190 ; 20
191 ; 6
4287 ; 1
192 ; 13
193 ; 6
194 ; 5
195 ; 6
200 ; 11672
203 ; 1
204 ; 4
4300 ; 18
205 ; 3
206 ; 4
207 ; 8
208 ; 3
8400 ; 2
209 ; 20
210 ; 2
211 ; 11
212 ; 19
12500 ; 1
213 ; 4
214 ; 55
215 ; 7
216 ; 253
217 ; 1
218 ; 14
219 ; 1
4315 ; 1
220 ; 314
221 ; 4
222 ; 25
223 ; 13
4320 ; 2
24800 ; 1
224 ; 1
225 ; 4300
226 ; 4
227 ; 54
228 ; 95
4325 ; 6
229 ; 3
230 ; 26
231 ; 2
232 ; 2
233 ; 3567
234 ; 2
235 ; 8
236 ; 13
237 ; 19
4333 ; 8
238 ; 5
239 ; 1
240 ; 428
241 ; 9
8433 ; 1
242 ; 62
4338 ; 1
243 ; 6
244 ; 18
4340 ; 3
245 ; 8
12533 ; 2
246 ; 4
4342 ; 1
247 ; 3
249 ; 1
250 ; 3111
8442 ; 1
252 ; 4
12540 ; 1
253 ; 2
4350 ; 3
254 ; 9
255 ; 8
256 ; 2
257 ; 82
4353 ; 1
258 ; 12
8450 ; 2
259 ; 1
260 ; 270
261 ; 9
262 ; 17
263 ; 12
264 ; 2
4360 ; 1
265 ; 3
266 ; 2495
269 ; 1
270 ; 11
4366 ; 11
271 ; 50
272 ; 5
12560 ; 1
273 ; 4
8466 ; 4
275 ; 2048
276 ; 2
277 ; 15
278 ; 8
12566 ; 1
279 ; 2
4375 ; 2
280 ; 322
281 ; 9
282 ; 1
283 ; 156
4380 ; 2
284 ; 3
285 ; 59
286 ; 3
287 ; 13
4383 ; 2
288 ; 14
4385 ; 2
289 ; 1
290 ; 6
291 ; 4
12580 ; 1
292 ; 7
293 ; 1
45350 ; 1
294 ; 2
4390 ; 1
295 ; 2
296 ; 1
297 ; 2
300 ; 5084
8493 ; 2
301 ; 1
303 ; 1
4400 ; 9
304 ; 3
305 ; 5
306 ; 1
307 ; 2
8500 ; 4
308 ; 2
309 ; 10
310 ; 6
311 ; 13
312 ; 16
313 ; 3
314 ; 40
315 ; 10
316 ; 201
16700 ; 1
317 ; 2
318 ; 4
319 ; 3
4415 ; 1
320 ; 282
4416 ; 1
20800 ; 1
321 ; 1
322 ; 5
323 ; 4
324 ; 2
325 ; 1348
326 ; 2
327 ; 1
328 ; 36
8520 ; 2
4425 ; 2
329 ; 5
330 ; 17
4427 ; 1
331 ; 1
333 ; 2227
335 ; 2
336 ; 8
337 ; 10
4433 ; 6
12625 ; 1
338 ; 5
339 ; 1
340 ; 185
341 ; 2
8533 ; 1
16725 ; 1
342 ; 53
343 ; 2
344 ; 7
4440 ; 2
345 ; 7
346 ; 5
347 ; 1
349 ; 1
350 ; 1205
12640 ; 1
352 ; 3
353 ; 4
4450 ; 6
354 ; 6
355 ; 24
356 ; 1
357 ; 40
358 ; 4
8550 ; 1
359 ; 1
360 ; 214
361 ; 3
362 ; 9
363 ; 7
364 ; 2
4460 ; 3
366 ; 1801
367 ; 1
368 ; 2
369 ; 12
370 ; 6
4466 ; 5
371 ; 30
372 ; 3
373 ; 1
4469 ; 1
8566 ; 3
374 ; 2
375 ; 1074
376 ; 8
377 ; 10
378 ; 3
4475 ; 5
380 ; 206
381 ; 6
382 ; 4
383 ; 110
8575 ; 1
4480 ; 2
384 ; 1
385 ; 22
386 ; 2
387 ; 12
388 ; 11
390 ; 14
24966 ; 1
391 ; 1
392 ; 6
393 ; 2
394 ; 3
396 ; 1
400 ; 2566
402 ; 2
29075 ; 1
4500 ; 17
404 ; 1
406 ; 14
407 ; 1
8600 ; 3
408 ; 2
409 ; 6
410 ; 3
411 ; 8
412 ; 17
12700 ; 2
413 ; 6
414 ; 25
415 ; 5
416 ; 213
4513 ; 1
4514 ; 1
418 ; 6
419 ; 160
4516 ; 1
422 ; 13
8614 ; 1
423 ; 11
4520 ; 2
425 ; 644
426 ; 3
427 ; 4
428 ; 34
29100 ; 1
429 ; 1
4525 ; 2
430 ; 7
431 ; 1
432 ; 2
433 ; 1077
8625 ; 1
434 ; 2
435 ; 3
436 ; 4
4533 ; 6
437 ; 12
12725 ; 1
438 ; 4
440 ; 167
8633 ; 2
442 ; 20
443 ; 9
444 ; 15
4540 ; 2
12733 ; 1
445 ; 2
8638 ; 1
446 ; 2
447 ; 2
450 ; 712
452 ; 3
453 ; 2
454 ; 7
4550 ; 3
455 ; 6
456 ; 3
457 ; 28
458 ; 4
8650 ; 1
4555 ; 1
460 ; 133
461 ; 6
4557 ; 1
462 ; 10
463 ; 4
464 ; 2
466 ; 943
468 ; 1
469 ; 5
470 ; 4
4566 ; 4
471 ; 23
472 ; 11
12760 ; 1
473 ; 1
8666 ; 2
475 ; 499
476 ; 4
477 ; 2
478 ; 1
4575 ; 2
480 ; 155
481 ; 4
483 ; 68
4580 ; 2
484 ; 2
485 ; 33
486 ; 1
487 ; 6
12775 ; 1
488 ; 9
490 ; 4
491 ; 2
492 ; 3
493 ; 1
495 ; 3
496 ; 1
500 ; 1452
4600 ; 16
504 ; 3
505 ; 2
506 ; 1
507 ; 3
508 ; 2
8700 ; 1
509 ; 3
510 ; 7
511 ; 9
4607 ; 1
512 ; 8
12800 ; 4
513 ; 1
514 ; 46
515 ; 2
37380 ; 1
516 ; 137
16900 ; 1
517 ; 2
518 ; 3
519 ; 1
520 ; 141
4616 ; 1
21000 ; 1
521 ; 3
522 ; 2
523 ; 1
4620 ; 1
525 ; 489
526 ; 5
527 ; 3
528 ; 18
8720 ; 1
529 ; 2
4625 ; 4
530 ; 13
531 ; 2
532 ; 3
533 ; 796
8725 ; 1
535 ; 3
536 ; 4
4633 ; 10
537 ; 9
538 ; 5
540 ; 104
541 ; 3
542 ; 28
543 ; 1
4640 ; 1
544 ; 1
545 ; 11
8737 ; 1
546 ; 1
547 ; 1
550 ; 494
552 ; 2
553 ; 2
4650 ; 4
554 ; 2
555 ; 5
557 ; 15
4653 ; 1
558 ; 2
559 ; 2
560 ; 114
561 ; 7
562 ; 8
563 ; 2
4660 ; 2
564 ; 1
565 ; 1
566 ; 709
567 ; 1
568 ; 2
569 ; 2
570 ; 10
4666 ; 7
571 ; 19
8763 ; 1
572 ; 2
8766 ; 1
575 ; 319
577 ; 8
578 ; 1
4675 ; 1
580 ; 108
581 ; 2
4677 ; 1
583 ; 44
4680 ; 3
584 ; 2
585 ; 19
586 ; 1
4683 ; 1
587 ; 4
588 ; 4
589 ; 1
590 ; 3
592 ; 3
12880 ; 1
593 ; 2
594 ; 2
597 ; 1
600 ; 1217
604 ; 2
4700 ; 13
605 ; 4
606 ; 2
607 ; 6
8800 ; 3
608 ; 3
609 ; 1
610 ; 6
611 ; 5
612 ; 19
12900 ; 1
614 ; 12
615 ; 1
616 ; 35
617 ; 1
618 ; 2
620 ; 94
4716 ; 1
621 ; 2
622 ; 8
623 ; 2
624 ; 1
625 ; 338
626 ; 1
627 ; 1
628 ; 19
4725 ; 4
630 ; 5
631 ; 2
4728 ; 1
633 ; 604
8825 ; 1
635 ; 4
636 ; 1
637 ; 5
4733 ; 4
638 ; 3
640 ; 89
641 ; 2
8833 ; 1
642 ; 23
643 ; 1
644 ; 9
645 ; 1
12933 ; 1
646 ; 4
648 ; 3
650 ; 292
652 ; 2
653 ; 4
4750 ; 5
655 ; 4
657 ; 20
658 ; 3
8850 ; 1
660 ; 90
661 ; 2
662 ; 4
663 ; 5
664 ; 3
4760 ; 2
666 ; 578
668 ; 1
669 ; 2
670 ; 7
4766 ; 2
671 ; 11
672 ; 3
12960 ; 1
4769 ; 1
673 ; 2
8866 ; 1
675 ; 223
676 ; 2
677 ; 1
678 ; 1
12966 ; 1
4775 ; 3
679 ; 1
680 ; 74
681 ; 4
682 ; 1
683 ; 55
4780 ; 3
684 ; 2
685 ; 24
686 ; 1
687 ; 6
4783 ; 1
688 ; 6
689 ; 2
690 ; 7
691 ; 2
692 ; 6
693 ; 1
694 ; 1
695 ; 1
696 ; 3
119480 ; 1
700 ; 891
4800 ; 10
705 ; 1
706 ; 1
707 ; 4
708 ; 5
8900 ; 1
709 ; 3
710 ; 4
711 ; 16
712 ; 9
13000 ; 1
713 ; 1
714 ; 13
715 ; 2
4811 ; 1
716 ; 31
17100 ; 1
4814 ; 1
718 ; 2
720 ; 83
721 ; 3
722 ; 5
723 ; 1
4820 ; 2
725 ; 233
726 ; 1
727 ; 5
728 ; 7
4825 ; 3
730 ; 6
731 ; 2
4828 ; 1
733 ; 466
735 ; 4
736 ; 4
737 ; 5
4833 ; 6
13025 ; 1
738 ; 5
740 ; 64
8933 ; 3
741 ; 2
742 ; 12
4838 ; 1
744 ; 25
745 ; 3
746 ; 1
747 ; 1
4844 ; 1
750 ; 260
752 ; 1
753 ; 3
4850 ; 8
756 ; 2
757 ; 8
8950 ; 1
760 ; 61
4856 ; 1
762 ; 4
13050 ; 1
763 ; 4
764 ; 5
4860 ; 2
765 ; 2
766 ; 380
768 ; 1
4866 ; 6
770 ; 4
771 ; 12
772 ; 2
58116 ; 1
773 ; 3
8966 ; 3
775 ; 228
776 ; 1
777 ; 2
778 ; 1
13066 ; 1
4875 ; 2
780 ; 73
781 ; 1
782 ; 1
33550 ; 1
783 ; 26
8975 ; 1
4880 ; 1
784 ; 2
785 ; 9
786 ; 2
787 ; 6
788 ; 4
789 ; 1
790 ; 4
25366 ; 1
13080 ; 1
794 ; 2
795 ; 2
796 ; 1
800 ; 723
801 ; 1
4900 ; 9
804 ; 2
806 ; 2
807 ; 5
9000 ; 3
4904 ; 1
809 ; 2
810 ; 8
811 ; 4
812 ; 5
13100 ; 2
814 ; 10
815 ; 3
816 ; 21
17200 ; 1
817 ; 2
818 ; 3
4915 ; 1
820 ; 57
821 ; 1
822 ; 3
823 ; 3
25400 ; 1
824 ; 1
4920 ; 1
825 ; 144
827 ; 1
828 ; 19
4925 ; 2
830 ; 3
4927 ; 1
831 ; 1
4928 ; 1
833 ; 348
835 ; 4
836 ; 3
4933 ; 5
837 ; 5
838 ; 2
839 ; 62
25416 ; 1
842 ; 13
844 ; 4
845 ; 1
4942 ; 1
846 ; 2
848 ; 1
850 ; 231
852 ; 18
853 ; 3
4950 ; 2
855 ; 5
856 ; 1
857 ; 18
9050 ; 1
860 ; 64
861 ; 8
862 ; 6
13150 ; 1
863 ; 1
4960 ; 3
864 ; 2
865 ; 1
866 ; 350
868 ; 5
869 ; 1
4966 ; 6
870 ; 3
871 ; 7
875 ; 139
4972 ; 1
876 ; 6
877 ; 3
878 ; 2
4975 ; 3
880 ; 49
881 ; 3
882 ; 1
883 ; 29
4980 ; 2
885 ; 11
886 ; 1
887 ; 10
889 ; 1
890 ; 1
891 ; 2
13180 ; 1
892 ; 2
893 ; 1
894 ; 7
895 ; 1
900 ; 589
5000 ; 8
904 ; 1
905 ; 6
906 ; 2
907 ; 3
9100 ; 3
908 ; 2
909 ; 12
910 ; 2
911 ; 5
912 ; 3
13200 ; 2
913 ; 1
914 ; 15
916 ; 21
5014 ; 1
918 ; 1
919 ; 1
920 ; 58
921 ; 1
922 ; 1
923 ; 1
5020 ; 2
9116 ; 1
925 ; 129
5021 ; 1
928 ; 9
929 ; 1
5025 ; 3
933 ; 306
9125 ; 1
935 ; 3
17320 ; 1
936 ; 1
937 ; 8
5033 ; 4
938 ; 2
939 ; 36
5035 ; 1
941 ; 2
9133 ; 1
942 ; 13
943 ; 1
5040 ; 2
944 ; 2
46000 ; 1
945 ; 3
946 ; 1
947 ; 1
948 ; 1
950 ; 153
952 ; 3
953 ; 1
955 ; 4
956 ; 3
957 ; 11
5053 ; 1
9150 ; 1
960 ; 47
961 ; 1
962 ; 5
963 ; 2
964 ; 2
5060 ; 2
966 ; 246
968 ; 3
5066 ; 5
970 ; 3
971 ; 18
972 ; 1
5068 ; 1
17357 ; 1
973 ; 1
974 ; 1
9166 ; 1
975 ; 123
5071 ; 1
976 ; 2
17360 ; 1
977 ; 6
13266 ; 1
5075 ; 3
980 ; 35
981 ; 1
982 ; 1
983 ; 16
984 ; 2
5080 ; 1
985 ; 12
13275 ; 1
987 ; 2
988 ; 1
990 ; 1
992 ; 20
994 ; 1
995 ; 5
1000 ; 449
5100 ; 10
1004 ; 1
29676 ; 1
1005 ; 1
1006 ; 3
1007 ; 1
9200 ; 5
1008 ; 5
1009 ; 1
1010 ; 1
1011 ; 5
1012 ; 6
13300 ; 1
1014 ; 8
9206 ; 1
1015 ; 2
1016 ; 12
1018 ; 3
1019 ; 1
1020 ; 40
5116 ; 1
1021 ; 1
1022 ; 3
1023 ; 2
5120 ; 1
25600 ; 1
1025 ; 109
5123 ; 2
1027 ; 1
1028 ; 18
5125 ; 1
1030 ; 1
5128 ; 1
1033 ; 224
1035 ; 4
1036 ; 3
1037 ; 1
5133 ; 4
13325 ; 1
1039 ; 1
1040 ; 38
9233 ; 1
1041 ; 2
1042 ; 11
1043 ; 2
1044 ; 2
5140 ; 2
13333 ; 2
1045 ; 2
1046 ; 4
1047 ; 3
1050 ; 145
1053 ; 1
5150 ; 2
1054 ; 1
1055 ; 2
1056 ; 5
1057 ; 2
1060 ; 35
1061 ; 1
1062 ; 4
13350 ; 2
5160 ; 3
1064 ; 2
1066 ; 207
1069 ; 1
5166 ; 4
1070 ; 2
1071 ; 6
1073 ; 3
9266 ; 3
1075 ; 101
1076 ; 5
1077 ; 3
13366 ; 1
5175 ; 2
1080 ; 40
1081 ; 1
1082 ; 2
1083 ; 13
5180 ; 2
1085 ; 11
1086 ; 1
1087 ; 5
1088 ; 6
1089 ; 1
1090 ; 2
1092 ; 1
1093 ; 1
1094 ; 1
1095 ; 1
1100 ; 316
5200 ; 5
1106 ; 1
1107 ; 8
9300 ; 2
1108 ; 1
1109 ; 3
1111 ; 5
1112 ; 2
13400 ; 2
1113 ; 1
1114 ; 6
1116 ; 8
1118 ; 1
1119 ; 1
1120 ; 39
1123 ; 1
1125 ; 104
1126 ; 2
1127 ; 1
1128 ; 6
9320 ; 1
1129 ; 1
1130 ; 1
1133 ; 212
1135 ; 1
1136 ; 1
13425 ; 1
5233 ; 5
1137 ; 3
1138 ; 1
1140 ; 29
9333 ; 2
1141 ; 2
1142 ; 6
1143 ; 1
1144 ; 4
1145 ; 2
1146 ; 1
9340 ; 1
17533 ; 1
25725 ; 1
1150 ; 99
1152 ; 2
1153 ; 1
5250 ; 7
1154 ; 1
1155 ; 3
5252 ; 1
1156 ; 1
1157 ; 15
1160 ; 50
1162 ; 3
1164 ; 1
1166 ; 168
1167 ; 1
5266 ; 2
1170 ; 2
1171 ; 10
1173 ; 1
9366 ; 2
1175 ; 75
1176 ; 1
1177 ; 3
5273 ; 1
5275 ; 4
1180 ; 37
13468 ; 1
1181 ; 1
17566 ; 2
1182 ; 2
1183 ; 7
9375 ; 1
5280 ; 2
1184 ; 7
1185 ; 5
13475 ; 1
1187 ; 5
1188 ; 2
5285 ; 1
1190 ; 4
1191 ; 1
1192 ; 2
1193 ; 1
1194 ; 1
1200 ; 342
9394 ; 1
5300 ; 5
1206 ; 3
1207 ; 1
9400 ; 3
1209 ; 1
1210 ; 3
1211 ; 6
1212 ; 4
25788 ; 1
1214 ; 7
1215 ; 1
5312 ; 1
1216 ; 6
1218 ; 2
1219 ; 1
1220 ; 32
5316 ; 1
1221 ; 1
1222 ; 4
5320 ; 2
1225 ; 66
1226 ; 2
1227 ; 1
1228 ; 4
1229 ; 1
1230 ; 1
1231 ; 1
1233 ; 145
5330 ; 1
1235 ; 2
1236 ; 4
1237 ; 6
5333 ; 1
1238 ; 1
1240 ; 41
42200 ; 1
9433 ; 1
1241 ; 1
1242 ; 8
1244 ; 6
5340 ; 1
1245 ; 1
5342 ; 1
1247 ; 1
9440 ; 1
17633 ; 1
1250 ; 78
1251 ; 1
1252 ; 1
1254 ; 1
5350 ; 1
1255 ; 2
1257 ; 6
1258 ; 1
1259 ; 1
1260 ; 30
1262 ; 9
13550 ; 1
1263 ; 1
5360 ; 1
1266 ; 127
1268 ; 1
1269 ; 1
1270 ; 6
5366 ; 5
1271 ; 6
1272 ; 2
1273 ; 1
9466 ; 1
1275 ; 80
5372 ; 1
1277 ; 2
1278 ; 2
5375 ; 2
1280 ; 35
1283 ; 6
1284 ; 2
1285 ; 6
1286 ; 2
5384 ; 1
1288 ; 1
1290 ; 1
1291 ; 1
1292 ; 2
1293 ; 1
1294 ; 3
13583 ; 1
1296 ; 2
50450 ; 1
17683 ; 1
1300 ; 222
21780 ; 1
5400 ; 8
1306 ; 4
42266 ; 1
9500 ; 3
1309 ; 3
1310 ; 2
1312 ; 5
1313 ; 1
1314 ; 5
1316 ; 10
1317 ; 1
1318 ; 2
1320 ; 40
21800 ; 1
1322 ; 2
1323 ; 1
25900 ; 1
1325 ; 55
1327 ; 2
1328 ; 9
5425 ; 1
1329 ; 1
1330 ; 2
1331 ; 2
5428 ; 1
1333 ; 156
1335 ; 1
9528 ; 1
1337 ; 2
1340 ; 26
1341 ; 1
1342 ; 9
5438 ; 1
5440 ; 1
1344 ; 3
1347 ; 2
9540 ; 1
1348 ; 2
1350 ; 73
1352 ; 1
1353 ; 1
5450 ; 2
1355 ; 3
1357 ; 9
1358 ; 2
9550 ; 1
1360 ; 36
1361 ; 1
1362 ; 2
13650 ; 1
5458 ; 1
1363 ; 3
5460 ; 1
1364 ; 2
1365 ; 1
1366 ; 134
1368 ; 1
1370 ; 4
5466 ; 1
1371 ; 7
1372 ; 1
1375 ; 56
1377 ; 5
5475 ; 3
1380 ; 17
1381 ; 1
1383 ; 5
1384 ; 1
1385 ; 4
1386 ; 2
1387 ; 3
1388 ; 3
9580 ; 1
5485 ; 1
1389 ; 2
1390 ; 3
1391 ; 3
1394 ; 1
1400 ; 209
5500 ; 3
1405 ; 1
1406 ; 2
1407 ; 1
9600 ; 1
1408 ; 1
1409 ; 2
1410 ; 1
1411 ; 5
1412 ; 3
13700 ; 2
1414 ; 8
1415 ; 1
1416 ; 4
1417 ; 1
1418 ; 1
1419 ; 2
1420 ; 19
1422 ; 7
9616 ; 1
1425 ; 42
1426 ; 1
1427 ; 3
5523 ; 1
1428 ; 7
5525 ; 2
1430 ; 4
1431 ; 1
9624 ; 1
1432 ; 1
1433 ; 101
9625 ; 1
1435 ; 1
1436 ; 2
1437 ; 3
5533 ; 3
1439 ; 1
1440 ; 40
1441 ; 1
1442 ; 3
1444 ; 2
13733 ; 1
1446 ; 1
1447 ; 1
1450 ; 69
13739 ; 1
1451 ; 1
1452 ; 1
1453 ; 1
5550 ; 1
1455 ; 1
1456 ; 1
1457 ; 5
1458 ; 1
1460 ; 20
1462 ; 2
13750 ; 1
5560 ; 2
1466 ; 111
1468 ; 1
1469 ; 1
5566 ; 5
1471 ; 5
1472 ; 1
1473 ; 1
1475 ; 40
1476 ; 4
1477 ; 2
13766 ; 1
5575 ; 2
1480 ; 32
1481 ; 1
17866 ; 1
1482 ; 3
1483 ; 5
1485 ; 4
1487 ; 3
5583 ; 2
13775 ; 1
1488 ; 1
5585 ; 2
34257 ; 1
1490 ; 2
1492 ; 1
1493 ; 1
1494 ; 1
17883 ; 1
1500 ; 219
91612 ; 1
5600 ; 4
1505 ; 3
1507 ; 1
1509 ; 2
1511 ; 3
1512 ; 3
1514 ; 2
1515 ; 2
1516 ; 3
1517 ; 1
5614 ; 1
1520 ; 17
1522 ; 2
1523 ; 1
26100 ; 1
1525 ; 45
1527 ; 1
1528 ; 6
9720 ; 1
5625 ; 2
1530 ; 2
9722 ; 1
1533 ; 88
9725 ; 2
1535 ; 1
1537 ; 4
5633 ; 6
1540 ; 14
9733 ; 1
1541 ; 3
1542 ; 15
1543 ; 2
1544 ; 2
13833 ; 1
1545 ; 2
9737 ; 1
26125 ; 1
1550 ; 50
1552 ; 1
9744 ; 1
1553 ; 1
1554 ; 2
5650 ; 1
1555 ; 3
1556 ; 1
1557 ; 2
1558 ; 1
1560 ; 14
1561 ; 3
5657 ; 1
1564 ; 1
5660 ; 1
1566 ; 88
1569 ; 1
5666 ; 4
1570 ; 2
9763 ; 1
1571 ; 4
5669 ; 1
1573 ; 1
1575 ; 40
5671 ; 1
17960 ; 1
1577 ; 1
5675 ; 2
1580 ; 21
1581 ; 2
1583 ; 5
9775 ; 1
1584 ; 2
1585 ; 2
1586 ; 1
1587 ; 6
1588 ; 4
58933 ; 1
1590 ; 1
1595 ; 1
1600 ; 207
5700 ; 7
1605 ; 1
177733 ; 1
1607 ; 1
1608 ; 2
1609 ; 1
1611 ; 3
1612 ; 2
13900 ; 3
1614 ; 2
1616 ; 7
1618 ; 1
1620 ; 17
1622 ; 2
9814 ; 1
5720 ; 1
1625 ; 34
1626 ; 1
9820 ; 1
1628 ; 5
1629 ; 3
5725 ; 2
1630 ; 1
1632 ; 2
1633 ; 81
9825 ; 1
1634 ; 1
1636 ; 1
1637 ; 2
5733 ; 2
1638 ; 1
1640 ; 30
1642 ; 1
5740 ; 1
1644 ; 2
1646 ; 1
1647 ; 1
9840 ; 1
1650 ; 58
1652 ; 1
1653 ; 1
5750 ; 2
1655 ; 2
1657 ; 21
1658 ; 1
1660 ; 23
1661 ; 1
1663 ; 1
1664 ; 1
1666 ; 78
1668 ; 1
9860 ; 1
5766 ; 5
1671 ; 4
1672 ; 2
1673 ; 1
1675 ; 44
13966 ; 1
1679 ; 17
5775 ; 1
18066 ; 1
1682 ; 1
1683 ; 5
1684 ; 1
1685 ; 2
1686 ; 2
1687 ; 3
1690 ; 1
1691 ; 1
1692 ; 2
1695 ; 1
5793 ; 1
1700 ; 130
5800 ; 5
1704 ; 1
1705 ; 2
1709 ; 1
1710 ; 5
1711 ; 2
1712 ; 2
1713 ; 1
1714 ; 27
1715 ; 1
1716 ; 4
1717 ; 1
1720 ; 13
1722 ; 2
1723 ; 2
5820 ; 1
1725 ; 35
1726 ; 1
1727 ; 1
1728 ; 4
1729 ; 3
5825 ; 2
5828 ; 1
14020 ; 1
1733 ; 84
1736 ; 2
5833 ; 3
1740 ; 13
1742 ; 6
1743 ; 1
1744 ; 1
1745 ; 1
5842 ; 1
1750 ; 36
5850 ; 5
18140 ; 1
1757 ; 1
1758 ; 2
9950 ; 1
5855 ; 1
1760 ; 12
1761 ; 1
1762 ; 2
1764 ; 1
5860 ; 1
1766 ; 73
5863 ; 1
5866 ; 6
1770 ; 1
1771 ; 22
1772 ; 2
9966 ; 1
1775 ; 33
1777 ; 1
1779 ; 20
5875 ; 1
1781 ; 1
1782 ; 1
1783 ; 6
1784 ; 1
1785 ; 3
5883 ; 1
9980 ; 1
1788 ; 1
1794 ; 1
1800 ; 145
22280 ; 1
5900 ; 8
1807 ; 1
1808 ; 1
10000 ; 1
1811 ; 4
1812 ; 1
5909 ; 1
1813 ; 1
1814 ; 2
1816 ; 6
18200 ; 1
1818 ; 1
14107 ; 1
1820 ; 9
5918 ; 2
1822 ; 3
1823 ; 1
5920 ; 1
1825 ; 32
1827 ; 2
1828 ; 40
1829 ; 3
1833 ; 69
1835 ; 1
5933 ; 3
1837 ; 4
1840 ; 15
1841 ; 1
1842 ; 2
1843 ; 1
5940 ; 2
1845 ; 1
10040 ; 2
18233 ; 1
1850 ; 34
14139 ; 1
1853 ; 1
5950 ; 1
1855 ; 2
1856 ; 1
1857 ; 1
10050 ; 1
1858 ; 1
1859 ; 1
1860 ; 15
14150 ; 1
1862 ; 2
5960 ; 1
1866 ; 61
5966 ; 3
1870 ; 1
1872 ; 1
1874 ; 1
10066 ; 2
1875 ; 27
1876 ; 1
1878 ; 1
1879 ; 11
5975 ; 3
1882 ; 1
1883 ; 2
1884 ; 1
5980 ; 1
1885 ; 33
1888 ; 3
1890 ; 1
1891 ; 1
18275 ; 1
1892 ; 1
1893 ; 1
1894 ; 1
1895 ; 2
1898 ; 1
1900 ; 120
6000 ; 5
1904 ; 2
1905 ; 2
1906 ; 1
10100 ; 2
1908 ; 1
1909 ; 2
1911 ; 1
14200 ; 2
1912 ; 4
1916 ; 3
1917 ; 1
1920 ; 13
1921 ; 1
1922 ; 1
6020 ; 2
26500 ; 1
1925 ; 24
10117 ; 1
1927 ; 2
1928 ; 4
1929 ; 1
6025 ; 4
6028 ; 1
1933 ; 52
10125 ; 1
1935 ; 1
1936 ; 1
6033 ; 3
1938 ; 1
1940 ; 12
10133 ; 1
1942 ; 28
1944 ; 2
1950 ; 34
1953 ; 1
6050 ; 1
1955 ; 3
1956 ; 1
1957 ; 4
1958 ; 1
1960 ; 14
6057 ; 1
1962 ; 1
6060 ; 1
1965 ; 2
1966 ; 44
10160 ; 1
1968 ; 1
1969 ; 1
6066 ; 2
1970 ; 1
1971 ; 3
1975 ; 29
1979 ; 12
22460 ; 1
1981 ; 1
1983 ; 3
1985 ; 2
10180 ; 1
1990 ; 3
2000 ; 129
6100 ; 6
10200 ; 1
2009 ; 1
2011 ; 2
6107 ; 1
2012 ; 2
14300 ; 2
75740 ; 1
2014 ; 1
2016 ; 3
2020 ; 10
22500 ; 1
2022 ; 1
2025 ; 25
2028 ; 1
6125 ; 1
2029 ; 1
2030 ; 1
2033 ; 50
18420 ; 1
2037 ; 2
6133 ; 3
2040 ; 8
6136 ; 1
10233 ; 2
2042 ; 1
2044 ; 1
14337 ; 1
2050 ; 23
6150 ; 2
2055 ; 1
6152 ; 1
2057 ; 16
2058 ; 1
2060 ; 7
6157 ; 1
2062 ; 2
14350 ; 3
2064 ; 2
2066 ; 45
10260 ; 1
2071 ; 3
2075 ; 26
6171 ; 1
6174 ; 1
6175 ; 3
2080 ; 11
2081 ; 2
2082 ; 1
18466 ; 1
2083 ; 4
10275 ; 1
6180 ; 1
2085 ; 1
2086 ; 2
6183 ; 1
10280 ; 1
2090 ; 1
2095 ; 1
2096 ; 1
34866 ; 1
2100 ; 95
6200 ; 8
2104 ; 1
2106 ; 1
2107 ; 1
10300 ; 2
2108 ; 1
2109 ; 1
2110 ; 2
2111 ; 3
14400 ; 1
2112 ; 2
2114 ; 17
2116 ; 4
2117 ; 1
14405 ; 1
2120 ; 10
2122 ; 1
2125 ; 20
2126 ; 1
10320 ; 1
6225 ; 2
2129 ; 1
2130 ; 1
2133 ; 53
6233 ; 3
2137 ; 3
2140 ; 8
10333 ; 2
2142 ; 5
6239 ; 1
2143 ; 1
2144 ; 1
6240 ; 1
2145 ; 1
2147 ; 1
10340 ; 1
2150 ; 21
6250 ; 1
2154 ; 1
2157 ; 2
2160 ; 13
6257 ; 1
14450 ; 1
2164 ; 1
6260 ; 2
2166 ; 43
2169 ; 1
6266 ; 2
2170 ; 1
2171 ; 9
2173 ; 1
2175 ; 23
2176 ; 1
2180 ; 4
2183 ; 1
10375 ; 1
2187 ; 1
2188 ; 2
2194 ; 1
2200 ; 83
6300 ; 7
2204 ; 1
2206 ; 1
2207 ; 1
10400 ; 1
2211 ; 1
6307 ; 1
2212 ; 1
2214 ; 4
2215 ; 1
2216 ; 4
2218 ; 1
55466 ; 1
2220 ; 3
2221 ; 1
26800 ; 1
2225 ; 21
2226 ; 1
2227 ; 2
2228 ; 12
2230 ; 5
2231 ; 1
2233 ; 40
6333 ; 4
2237 ; 1
2240 ; 9
2242 ; 5
2244 ; 2
6340 ; 1
14533 ; 1
22725 ; 1
2250 ; 29
2252 ; 1
10450 ; 1
2260 ; 10
2262 ; 2
14550 ; 1
2266 ; 30
6364 ; 1
6366 ; 2
2271 ; 1
2273 ; 1
2275 ; 23
6371 ; 1
14566 ; 1
2280 ; 16
2281 ; 2
2282 ; 1
2283 ; 4
2285 ; 6
2287 ; 1
2288 ; 1
2300 ; 70
26879 ; 1
6400 ; 1
2306 ; 1
10500 ; 3
2312 ; 1
2314 ; 3
2315 ; 1
2316 ; 4
2320 ; 9
6419 ; 2
2325 ; 20
2330 ; 1
2333 ; 43
2337 ; 1
6433 ; 3
2338 ; 1
2340 ; 6
10533 ; 2
2342 ; 5
6440 ; 1
2347 ; 1
2350 ; 17
10542 ; 1
14640 ; 1
2353 ; 1
6450 ; 1
35125 ; 1
2357 ; 4
26933 ; 1
2358 ; 1
2360 ; 12
14650 ; 1
6460 ; 1
10557 ; 1
31037 ; 1
2366 ; 27
6466 ; 3
2371 ; 3
6469 ; 1
2375 ; 15
6471 ; 1
2377 ; 1
2380 ; 9
2383 ; 1
14675 ; 1
6483 ; 3
2393 ; 2
2395 ; 1
2400 ; 63
6500 ; 8
10600 ; 2
6506 ; 1
2412 ; 2
14700 ; 1
2414 ; 1
2416 ; 1
2418 ; 2
2420 ; 5
22900 ; 1
2422 ; 1
2425 ; 21
2428 ; 1
2430 ; 1
2433 ; 34
6533 ; 3
2437 ; 1
2440 ; 9
2442 ; 2
14733 ; 1
2446 ; 1
2450 ; 13
6547 ; 1
2455 ; 1
2457 ; 4
2459 ; 1
2460 ; 8
6560 ; 1
2464 ; 1
2466 ; 29
2467 ; 1
6566 ; 2
2471 ; 4
10666 ; 1
6570 ; 1
2475 ; 12
2477 ; 1
2478 ; 1
6575 ; 1
2480 ; 6
2481 ; 1
6580 ; 2
2485 ; 1
2487 ; 1
2488 ; 1
2490 ; 1
2493 ; 1
2500 ; 37
6600 ; 6
10700 ; 2
2512 ; 1
2514 ; 6
2515 ; 1
2516 ; 2
2520 ; 12
2522 ; 1
6619 ; 1
2525 ; 16
18911 ; 1
2528 ; 2
6625 ; 2
2533 ; 25
2537 ; 1
6633 ; 1
2538 ; 1
6636 ; 1
2540 ; 2
2541 ; 1
2542 ; 6
2543 ; 1
6640 ; 1
6642 ; 1
2550 ; 14
10742 ; 1
2552 ; 1
2553 ; 1
2555 ; 2
2557 ; 6
10750 ; 1
2560 ; 6
14850 ; 1
2566 ; 31
10760 ; 1
6666 ; 3
2571 ; 4
2575 ; 18
2576 ; 1
2577 ; 1
6675 ; 1
2580 ; 11
10775 ; 2
2583 ; 2
6680 ; 1
2585 ; 3
2586 ; 1
2588 ; 1
2590 ; 1
6687 ; 1
2600 ; 50
6700 ; 3
2606 ; 1
2607 ; 1
2610 ; 1
2612 ; 1
2614 ; 1
6712 ; 1
14905 ; 1
2620 ; 4
2625 ; 4
2626 ; 2
2628 ; 3
2630 ; 1
2633 ; 27
2634 ; 1
2637 ; 2
6733 ; 2
2638 ; 2
2640 ; 4
10833 ; 1
2642 ; 2
6742 ; 1
2650 ; 19
6752 ; 1
2657 ; 1
2660 ; 6
6757 ; 1
14950 ; 1
2662 ; 1
2663 ; 1
6760 ; 1
2666 ; 22
6765 ; 1
2670 ; 1
6766 ; 3
2671 ; 3
10866 ; 3
2675 ; 15
2677 ; 1
14966 ; 1
6775 ; 2
2680 ; 5
2683 ; 3
10875 ; 1
6780 ; 1
2685 ; 4
2687 ; 1
2690 ; 1
2691 ; 1
2700 ; 44
6800 ; 4
2705 ; 1
23185 ; 1
10900 ; 3
15000 ; 1
2714 ; 1
2716 ; 2
23200 ; 1
2720 ; 10
2722 ; 1
2725 ; 8
2728 ; 1
6825 ; 1
2733 ; 33
2737 ; 1
6833 ; 2
2740 ; 6
23220 ; 1
10933 ; 2
2742 ; 1
2744 ; 1
15033 ; 1
2750 ; 12
2753 ; 1
6850 ; 1
2757 ; 3
10950 ; 1
2760 ; 5
15050 ; 1
2766 ; 35
2770 ; 1
6866 ; 1
2771 ; 2
2775 ; 13
6873 ; 1
6875 ; 1
2780 ; 1
6876 ; 1
2783 ; 2
6880 ; 1
2785 ; 2
2787 ; 1
6883 ; 1
2788 ; 1
6884 ; 1
27366 ; 1
35566 ; 1
2800 ; 57
6900 ; 3
11000 ; 4
15100 ; 2
2813 ; 1
11005 ; 1
2814 ; 2
2816 ; 2
2820 ; 5
2823 ; 1
2825 ; 17
2827 ; 1
2828 ; 3
2833 ; 23
2837 ; 3
6933 ; 2
2840 ; 8
2842 ; 2
6943 ; 1
2850 ; 10
6950 ; 1
6951 ; 1
2855 ; 1
11050 ; 2
2860 ; 7
6957 ; 1
2861 ; 1
6960 ; 1
2866 ; 23
6962 ; 1
2868 ; 1
2869 ; 1
6966 ; 3
2871 ; 1
2875 ; 12
31550 ; 1
2880 ; 6
19266 ; 1
2883 ; 2
6980 ; 1
2885 ; 2
23366 ; 1
6983 ; 1
2890 ; 1
2900 ; 43
7000 ; 3
2907 ; 2
11100 ; 2
15200 ; 1
2914 ; 1
2916 ; 1
2920 ; 4
7016 ; 1
2923 ; 1
2925 ; 9
7025 ; 2
2933 ; 15
11125 ; 1
2937 ; 1
7033 ; 2
15225 ; 1
2940 ; 5
2941 ; 1
2942 ; 1
7040 ; 1
2945 ; 1
11140 ; 2
2950 ; 14
2957 ; 2
27533 ; 1
11150 ; 1
2960 ; 3
2962 ; 2
7060 ; 2
2964 ; 1
2966 ; 22
2969 ; 1
7066 ; 1
2971 ; 4
15260 ; 1
2972 ; 1
11166 ; 1
2975 ; 11
2977 ; 2
2980 ; 3
2983 ; 2
2985 ; 6
7083 ; 1
15275 ; 1
48050 ; 1
3000 ; 33
3005 ; 1
11200 ; 2
3010 ; 1
3011 ; 1
15300 ; 1
3014 ; 2
7110 ; 1
3015 ; 1
3016 ; 2
7114 ; 1
3020 ; 1
11216 ; 1
3025 ; 11
3028 ; 2
7125 ; 2
3030 ; 1
3033 ; 20
3035 ; 1
3040 ; 5
7140 ; 2
3050 ; 14
3053 ; 1
3057 ; 4
11250 ; 1
3060 ; 5
3063 ; 1
7160 ; 1
3066 ; 18
7166 ; 4
3071 ; 1
11266 ; 1
3075 ; 13
3078 ; 1
7175 ; 3
3080 ; 4
3083 ; 2
7180 ; 1
3085 ; 2
7183 ; 1
15375 ; 1
3100 ; 33
7200 ; 9
11300 ; 1
3112 ; 2
7209 ; 1
3114 ; 1
3116 ; 2
3118 ; 1
3120 ; 5
3123 ; 1
3125 ; 18
3128 ; 2
3133 ; 22
11325 ; 2
7233 ; 1
3137 ; 1
3140 ; 4
3144 ; 1
19533 ; 1
3150 ; 8
7250 ; 1
3156 ; 1
3161 ; 2
15450 ; 1
3163 ; 1
7260 ; 2
3166 ; 19
3170 ; 1
7266 ; 1
11366 ; 1
3175 ; 13
15466 ; 1
7275 ; 3
3180 ; 1
19566 ; 1
11375 ; 1
3183 ; 2
3185 ; 4
15475 ; 1
3187 ; 1
3190 ; 1
3193 ; 1
7292 ; 1
3200 ; 34
7300 ; 6
7307 ; 1
3216 ; 2
105618 ; 1
3220 ; 5
3221 ; 1
3225 ; 9
7325 ; 1
3230 ; 2
3233 ; 19
3237 ; 3
3240 ; 2
3242 ; 1
7340 ; 1
15533 ; 1
3250 ; 10
3255 ; 1
3257 ; 3
11450 ; 1
3258 ; 1
3259 ; 3
3266 ; 24
7366 ; 2
3272 ; 2
15560 ; 1
11466 ; 1
3275 ; 6
3276 ; 1
3280 ; 3
7377 ; 1
19666 ; 1
23762 ; 1
3283 ; 2
7380 ; 1
3285 ; 1
15580 ; 1
7393 ; 1
3300 ; 34
7400 ; 5
11500 ; 1
3311 ; 1
3314 ; 1
3316 ; 1
3320 ; 3
3325 ; 15
7423 ; 1
3328 ; 1
3333 ; 15
15625 ; 1
7433 ; 4
3340 ; 2
11540 ; 1
7445 ; 1
3350 ; 13
7453 ; 1
11550 ; 1
3359 ; 5
3362 ; 1
3366 ; 12
7466 ; 3
3371 ; 2
3375 ; 5
15666 ; 1
3378 ; 1
3380 ; 3
15671 ; 1
3383 ; 1
7480 ; 1
11578 ; 1
3388 ; 1
3400 ; 25
7500 ; 3
11600 ; 3
3409 ; 1
3416 ; 1
3420 ; 1
3425 ; 8
3428 ; 1
7525 ; 2
3430 ; 1
3433 ; 17
7533 ; 2
3438 ; 1
32112 ; 1
3440 ; 3
3442 ; 2
7540 ; 3
7541 ; 1
11640 ; 1
3450 ; 7
3454 ; 1
3457 ; 1
3462 ; 1
7558 ; 1
7560 ; 2
36233 ; 1
3466 ; 12
11660 ; 1
7566 ; 1
11666 ; 1
3475 ; 8
3476 ; 1
7575 ; 1
23960 ; 1
3480 ; 3
11675 ; 1
3486 ; 1
3487 ; 1
15775 ; 1
3488 ; 1
19875 ; 1
3491 ; 1
23975 ; 1
3500 ; 25
32175 ; 1
7600 ; 2
11700 ; 1
15800 ; 1
3514 ; 1
19900 ; 1
3520 ; 2
3525 ; 8
3533 ; 16
3536 ; 1
3537 ; 1
3540 ; 1
7637 ; 1
7640 ; 1
15833 ; 1
3545 ; 2
3550 ; 16
11750 ; 1
3559 ; 3
3562 ; 2
3566 ; 11
19950 ; 1
7666 ; 2
3571 ; 1
3572 ; 1
3575 ; 6
7673 ; 1
15866 ; 1
3580 ; 7
3585 ; 2
11788 ; 1
3600 ; 23
7700 ; 1
11800 ; 1
3609 ; 1
40475 ; 1
20000 ; 2
89633 ; 1
192033 ; 1
40483 ; 1
3620 ; 1
7718 ; 1
3625 ; 6
3628 ; 1
7725 ; 3
15920 ; 1
3633 ; 10
3637 ; 1
7733 ; 1
3640 ; 2
11833 ; 1
3645 ; 2
3650 ; 9
20037 ; 1
3654 ; 1
3659 ; 2
7760 ; 2
3666 ; 19
7766 ; 1
3675 ; 6
3676 ; 1
3680 ; 1
3687 ; 1
7794 ; 1
3700 ; 26
7800 ; 6
11900 ; 1
7816 ; 1
3720 ; 3
3725 ; 5
7825 ; 2
7828 ; 1
3733 ; 10
11928 ; 1
7833 ; 2
3740 ; 1
20125 ; 1
3742 ; 1
3745 ; 1
3750 ; 6
3754 ; 1
11950 ; 1
3759 ; 2
3761 ; 1
3762 ; 1
3766 ; 13
3767 ; 1
3768 ; 1
7866 ; 1
3773 ; 1
11966 ; 1
3775 ; 10
16066 ; 1
3780 ; 1
3783 ; 2
16075 ; 1
16080 ; 1
32466 ; 1
32470 ; 1
3800 ; 23
7900 ; 3
3804 ; 1
3805 ; 2
12000 ; 1
3814 ; 1
3818 ; 1
3820 ; 4
7919 ; 1
3825 ; 4
7925 ; 1
3833 ; 6
16128 ; 1
12033 ; 1
3842 ; 1
7940 ; 1
24325 ; 1
3850 ; 4
3857 ; 1
3859 ; 1
7960 ; 1
3866 ; 13
7966 ; 1
3875 ; 3
3880 ; 4
7979 ; 1
7980 ; 1
3887 ; 1
3900 ; 26
24380 ; 1
8000 ; 7
3914 ; 1
20300 ; 2
3916 ; 1
3920 ; 5
8019 ; 1
3925 ; 4
8025 ; 1
3930 ; 1
3933 ; 10
3940 ; 2
8040 ; 1
16233 ; 1
3947 ; 1
3950 ; 3
8046 ; 1
8050 ; 1
3957 ; 1
3959 ; 2
3964 ; 1
3966 ; 11
8066 ; 1
12166 ; 1
3975 ; 3
8071 ; 1
3980 ; 3
3983 ; 1
3986 ; 1
8090 ; 1
4000 ; 22
8100 ; 3
4011 ; 1
16300 ; 2
4012 ; 1
4020 ; 1
8116 ; 1
4025 ; 4
20414 ; 1
4033 ; 13
4037 ; 2
8133 ; 1
16325 ; 1
4040 ; 2
4050 ; 6
4062 ; 1
8160 ; 1
4066 ; 16
8166 ; 3
24550 ; 1
4075 ; 7
4076 ; 1
16366 ; 1
8175 ; 1
4080 ; 2
24560 ; 1
16380 ; 1
32766 ; 1

Numero massimo percentuale di valori nulli tra tutte le tabelle: 192033

Numero medio percentuale valori nulli (media ponderata): 141

Distribuzione di valori nulli per colonna (quante colonne hanno 1, 2, 3 etc. valori nulli) 
[Chiave: numero di valori nulli, Valore: quante colonne hanno quel numero di valori nulli]
0 ; 1895099
1 ; 143777
2 ; 44748
3 ; 51828
4 ; 46123
5 ; 30787
6 ; 28202
7 ; 20260
8 ; 14116
9 ; 12852
10 ; 10475
11 ; 8094
12 ; 6913
13 ; 5276
14 ; 4918
15 ; 4275
16 ; 3976
17 ; 3436
18 ; 2957
19 ; 2628
20 ; 2308
21 ; 2075
22 ; 1882
23 ; 1603
24 ; 1451
25 ; 1371
26 ; 1222
27 ; 1161
28 ; 1111
29 ; 998
30 ; 1006
31 ; 925
32 ; 905
33 ; 911
34 ; 806
35 ; 759
36 ; 688
37 ; 688
38 ; 564
39 ; 560
40 ; 543
41 ; 569
42 ; 405
1066 ; 1
43 ; 402
44 ; 365
45 ; 411
46 ; 337
47 ; 319
48 ; 333
49 ; 308
50 ; 297
51 ; 297
52 ; 332
53 ; 269
54 ; 258
55 ; 252
56 ; 229
57 ; 253
58 ; 231
59 ; 212
60 ; 236
61 ; 203
62 ; 171
63 ; 193
2111 ; 1
64 ; 209
65 ; 194
66 ; 153
67 ; 150
68 ; 178
69 ; 144
70 ; 132
71 ; 143
72 ; 133
73 ; 133
74 ; 144
75 ; 110
76 ; 138
77 ; 115
78 ; 134
79 ; 122
80 ; 111
81 ; 96
82 ; 126
83 ; 133
84 ; 102
85 ; 104
86 ; 100
87 ; 84
88 ; 104
89 ; 78
90 ; 79
91 ; 89
92 ; 69
93 ; 70
94 ; 78
95 ; 65
96 ; 69
97 ; 76
98 ; 58
99 ; 74
100 ; 76
101 ; 73
102 ; 72
103 ; 48
2151 ; 1
104 ; 51
105 ; 38
106 ; 48
107 ; 49
108 ; 47
109 ; 41
110 ; 49
111 ; 41
112 ; 35
113 ; 39
114 ; 38
115 ; 44
116 ; 40
117 ; 42
118 ; 27
119 ; 41
120 ; 42
121 ; 38
122 ; 50
123 ; 37
124 ; 33
125 ; 43
126 ; 35
127 ; 23
1151 ; 1
128 ; 24
129 ; 31
130 ; 28
2178 ; 1
131 ; 29
132 ; 11
133 ; 35
134 ; 22
135 ; 20
136 ; 12
137 ; 24
138 ; 32
139 ; 27
1163 ; 1
140 ; 17
141 ; 27
142 ; 25
143 ; 21
144 ; 18
145 ; 26
146 ; 34
147 ; 20
2195 ; 1
148 ; 26
149 ; 20
150 ; 22
151 ; 29
152 ; 21
153 ; 21
154 ; 16
155 ; 14
156 ; 24
157 ; 38
158 ; 11
159 ; 15
160 ; 21
161 ; 20
162 ; 13
163 ; 16
164 ; 13
165 ; 18
166 ; 15
167 ; 13
168 ; 13
169 ; 15
170 ; 12
171 ; 14
172 ; 14
173 ; 12
174 ; 10
175 ; 16
176 ; 10
177 ; 11
178 ; 11
1202 ; 1
179 ; 10
180 ; 20
181 ; 12
1205 ; 1
182 ; 14
183 ; 11
184 ; 9
185 ; 6
186 ; 13
187 ; 8
188 ; 5
189 ; 10
190 ; 17
191 ; 15
192 ; 8
193 ; 13
194 ; 14
195 ; 9
2243 ; 1
196 ; 7
197 ; 7
198 ; 11
199 ; 6
200 ; 11
201 ; 6
202 ; 7
203 ; 5
204 ; 7
205 ; 1
206 ; 3
207 ; 4
208 ; 5
209 ; 12
210 ; 11
211 ; 9
212 ; 3
213 ; 8
214 ; 9
215 ; 12
1239 ; 1
216 ; 8
5336 ; 1
217 ; 9
218 ; 5
219 ; 6
220 ; 2
221 ; 4
222 ; 2
223 ; 5
224 ; 8
225 ; 4
226 ; 6
227 ; 3
228 ; 3
229 ; 1
230 ; 5
231 ; 4
232 ; 3
1256 ; 2
233 ; 11
234 ; 5
1258 ; 2
235 ; 6
236 ; 8
237 ; 1
238 ; 3
1262 ; 1
239 ; 5
240 ; 8
241 ; 7
242 ; 2
243 ; 1
244 ; 6
1268 ; 1
245 ; 2
246 ; 3
247 ; 2
248 ; 5
249 ; 1
250 ; 2
1274 ; 1
251 ; 4
252 ; 3
253 ; 6
254 ; 1
255 ; 4
1280 ; 1
256 ; 2
257 ; 6
258 ; 3
259 ; 10
260 ; 6
261 ; 4
262 ; 4
263 ; 12
264 ; 2
265 ; 4
266 ; 2
267 ; 1
268 ; 4
269 ; 5
270 ; 5
271 ; 1
272 ; 3
273 ; 3
274 ; 1
276 ; 4
277 ; 5
278 ; 3
279 ; 3
280 ; 5
281 ; 5
282 ; 2
283 ; 4
284 ; 1
285 ; 1
286 ; 2
287 ; 3
288 ; 4
289 ; 3
290 ; 6
1314 ; 1
291 ; 5
292 ; 4
1316 ; 1
293 ; 2
294 ; 2
295 ; 4
296 ; 1
297 ; 3
298 ; 2
299 ; 3
1323 ; 1
300 ; 1
301 ; 1
302 ; 3
303 ; 3
304 ; 3
305 ; 6
306 ; 3
307 ; 3
309 ; 1
310 ; 3
311 ; 1
1335 ; 1
312 ; 2
313 ; 1
314 ; 2
315 ; 4
316 ; 3
318 ; 3
319 ; 4
320 ; 4
321 ; 2
322 ; 1
323 ; 1
324 ; 1
325 ; 2
326 ; 1
327 ; 2
328 ; 3
329 ; 2
330 ; 1
333 ; 1
334 ; 1
336 ; 3
337 ; 2
338 ; 2
2387 ; 1
340 ; 1
341 ; 1
342 ; 5
343 ; 4
344 ; 3
345 ; 1
346 ; 2
347 ; 2
348 ; 4
349 ; 2
350 ; 4
351 ; 2
352 ; 1
353 ; 1
354 ; 2
355 ; 1
1379 ; 1
356 ; 1
357 ; 2
359 ; 2
361 ; 4
362 ; 2
363 ; 3
364 ; 1
365 ; 2
366 ; 1
368 ; 4
369 ; 4
370 ; 1
372 ; 1
373 ; 1
374 ; 1
375 ; 2
377 ; 2
378 ; 1
1403 ; 1
379 ; 2
380 ; 2
381 ; 1
382 ; 1
386 ; 1
388 ; 2
389 ; 3
391 ; 1
392 ; 1
393 ; 1
395 ; 1
396 ; 5
398 ; 1
399 ; 1
400 ; 4
401 ; 1
403 ; 1
404 ; 1
410 ; 1
411 ; 1
413 ; 1
414 ; 1
415 ; 3
416 ; 1
417 ; 2
418 ; 1
419 ; 1
420 ; 1
421 ; 1
422 ; 1
423 ; 1
424 ; 1
425 ; 1
426 ; 1
427 ; 1
428 ; 1
430 ; 1
431 ; 1
433 ; 1
434 ; 1
435 ; 2
436 ; 2
437 ; 1
439 ; 2
441 ; 1
444 ; 1
446 ; 2
449 ; 1
451 ; 1
452 ; 1
453 ; 2
455 ; 1
462 ; 1
464 ; 1
469 ; 1
470 ; 1
473 ; 1
474 ; 1
475 ; 2
478 ; 1
479 ; 1
482 ; 1
483 ; 1
491 ; 2
492 ; 1
493 ; 1
494 ; 1
500 ; 1
503 ; 1
505 ; 1
507 ; 1
508 ; 2
509 ; 1
2557 ; 1
510 ; 1
512 ; 1
519 ; 1
520 ; 1
521 ; 2
526 ; 2
527 ; 3
531 ; 2
536 ; 1
537 ; 1
539 ; 1
542 ; 1
547 ; 1
554 ; 1
556 ; 1
565 ; 1
2613 ; 1
569 ; 1
577 ; 1
578 ; 1
582 ; 3
585 ; 1
587 ; 2
590 ; 1
591 ; 1
597 ; 1
600 ; 1
602 ; 1
608 ; 1
610 ; 2
617 ; 2
619 ; 1
624 ; 1
630 ; 1
632 ; 4
633 ; 2
634 ; 2
635 ; 1
638 ; 1
642 ; 1
1671 ; 1
649 ; 1
660 ; 1
684 ; 1
696 ; 1
699 ; 1
701 ; 1
708 ; 1
2775 ; 1
742 ; 1
748 ; 1
756 ; 1
773 ; 1
790 ; 1
805 ; 1
808 ; 1
2864 ; 1
821 ; 1
2897 ; 1
867 ; 1
881 ; 1
894 ; 1
895 ; 1
917 ; 1
941 ; 1
946 ; 1
1993 ; 1
2020 ; 1
2021 ; 1
2022 ; 1

Distribuzione in percentuale di valori nulli per colonne (quante colonne hanno il 10%, 20%, etc. valori nulli) 
[Chiave: percentuale di valori nulli, Valore: quante colonne hanno quella percentuale di valori nulli]
0 ; 1896569
1 ; 3184
2 ; 3973
3 ; 4369
4 ; 21252
5 ; 18002
6 ; 8585
7 ; 11014
8 ; 5060
9 ; 7532
10 ; 5983
11 ; 8360
12 ; 6898
13 ; 2165
14 ; 9985
15 ; 2529
16 ; 13606
17 ; 1405
18 ; 2890
19 ; 852
20 ; 18891
21 ; 1776
22 ; 3801
23 ; 1933
24 ; 596
25 ; 13250
26 ; 1455
27 ; 1902
28 ; 3741
29 ; 997
30 ; 2686
31 ; 1321
32 ; 641
33 ; 13173
34 ; 779
35 ; 1614
36 ; 2126
37 ; 2751
38 ; 1622
39 ; 586
40 ; 6575
41 ; 1896
42 ; 3332
43 ; 1009
44 ; 2339
45 ; 2148
46 ; 2322
47 ; 2490
48 ; 839
49 ; 155
50 ; 25120
51 ; 701
52 ; 2087
53 ; 2226
54 ; 1713
55 ; 2259
56 ; 1198
57 ; 5529
58 ; 1866
59 ; 609
60 ; 22165
61 ; 1561
62 ; 3195
63 ; 1809
64 ; 1640
65 ; 1091
66 ; 36451
67 ; 629
68 ; 1629
69 ; 1633
70 ; 6409
71 ; 15881
72 ; 4465
73 ; 1514
74 ; 546
75 ; 16731
76 ; 3135
77 ; 5045
78 ; 2246
79 ; 624
80 ; 8154
81 ; 2983
82 ; 1210
83 ; 5419
84 ; 1696
85 ; 4981
86 ; 1436
87 ; 4334
88 ; 3385
89 ; 772
90 ; 4703
91 ; 2029
92 ; 2775
93 ; 1817
94 ; 1732
95 ; 1315
96 ; 937
97 ; 592
98 ; 346
99 ; 98
100 ; 23146

