4;0.458;0.457;4;13
2;0.075;0.075;9;12
2;4.586;5.102;483432;483436
10;0.413;0.413;58;101
19;0.75;0.75;58;115
20;0.741;0.741;30;95
36;1.359;1.359;46;90
12;3.932;3.996;483681;484134
33;1.552;1.555;22343;22393
4;0.145;0.145;1;4
7;0.247;0.247;3;9
7;0.276;0.276;1;7
6;0.873;0.882;23543;57020
6;0.208;0.208;1;6
6;0.218;0.218;1;6
4;0.163;0.163;1;4
15;0.587;0.587;104;126
8;0.274;0.274;40;49
13;0.569;0.57;1343;2783
13;0.553;0.553;669;686
11;0.481;0.481;68;79
8;0.254;0.254;2;9
8;0.312;0.312;3;10
8;0.267;0.267;1;8
5;0.219;0.219;667;2085
10;3.759;3.814;483432;483447
9;3.698;3.764;483427;483438
3;0.103;0.103;33;35
4;0.133;0.133;21;24
4;0.146;0.146;1;4
14;0.56;0.56;972;1402
12;0.457;0.457;342;370
20;0.77;0.77;1896;3339
8;0.303;0.303;79;91
6;0.223;0.223;761;859
10;0.729;0.735;12404;22607
22;1.88;1.892;23033;119809
2;0.757;0.757;83173;92584
2;0.716;0.716;83173;92584
4;0.811;0.825;83270;99800
3;3.452;3.515;483462;483490
4;0.263;0.268;19263;19273
16;0.861;0.863;4869;30549
5;5.659;5.736;598765;665384
3;4.533;4.594;570921;625412
100;3.149;3.149;4;103
18;0.958;0.957;4958;19306
38;1.313;1.312;350;1612
100;3.193;3.193;3;103
17;0.852;0.853;5141;18958
26;0.834;0.834;243;939
5;0.186;0.186;18;28
5;0.219;0.219;45;57
3;0.299;0.303;18262;20167
18;1.276;1.279;12692;83977
1;3.437;3.437;483427;483427
1;3.471;3.44;483427;483427
4;0.154;0.154;4;10
2;0.147;0.146;10151;10152
4;0.217;0.218;10151;10154
4;0.161;0.161;3;10
4;0.122;0.122;3;10
4;0.167;0.167;5;14
9;2.95;2.998;362638;449722
5;0.54;0.554;52774;53487
9;1.11;1.123;114942;116014
12;0.411;0.411;7;19
9;3.749;3.75;483427;483435
7;3.752;3.753;483427;483433
6;1.262;1.288;119005;172865
5;0.163;0.163;2;6
6;0.379;0.381;19281;19302
4;6.34;6.55;711904;959222
17;1.466;1.486;111506;112508
15;4.46;4.519;364622;607355
15;0.64;0.64;155;1023
1;0.04;0.041;736;736
7;0.239;0.239;176;251
6;0.751;0.758;44043;88018
6;0.436;0.443;30931;37835
6;0.536;0.544;37383;55114
4;0.138;0.138;5;17
4;0.142;0.142;16;22
2;0.265;0.264;18284;32278
5;0.165;0.165;420;426
5;0.151;0.151;3;8
5;0.185;0.185;1;5
6;0.342;0.342;6707;15710
6;0.315;0.315;3001;6474
6;0.31;0.311;6848;13158
36;1.248;1.248;392;441
35;4.659;4.707;483451;483490
35;1.237;1.237;513;721
79;2.772;2.773;1259;1483
11;3.762;3.811;483497;484152
75;6.183;6.233;483763;483989
5;0.221;0.221;833;888
10;3.616;3.676;483438;483647
8;0.318;0.318;187;216
43;1.353;1.353;102;1800
43;1.49;1.49;1;43
17;1.127;1.129;8335;40806
4;0.126;0.126;1;4
4;0.154;0.154;1;4
4;0.126;0.126;1;4
5;0.163;0.163;4;8
5;0.179;0.178;24;28
5;0.216;0.216;1141;1145
20;0.677;0.677;223;428
26;0.879;0.879;1;26
26;0.88;0.88;1;26
100;3.46;3.459;106;217
100;3.424;3.424;1;100
88;7.803;7.871;528694;572513
52;1.802;1.803;1530;7654
8;4.04;4.107;557835;559389
7;4.551;4.614;557835;559386
3;6.583;6.643;720630;1057799
6;4.515;4.592;571351;594735
6;4.579;4.645;367668;804053
3;6.485;6.547;720630;1057799
5;0.812;0.837;111249;111280
5;3.888;3.94;365279;647649
5;0.188;0.189;1013;1127
5;0.184;0.184;1063;1152
5;0.19;0.19;625;690
8;2.861;2.91;362501;459215
5;0.324;0.329;21679;21696
8;2.366;2.399;350173;372490
4;0.153;0.153;1;4
2;3.408;3.407;483427;483428
3;0.109;0.109;21;23
4;0.634;0.647;63048;83897
3;0.1;0.1;45;47
4;0.249;0.253;19259;19268
3;0.936;0.965;117423;142972
2;0.062;0.062;7;8
3;0.217;0.221;19264;19270
9;0.322;0.322;1;9
9;0.562;0.563;5796;15227
4;0.19;0.191;3174;4109
24;2.742;2.75;33207;221041
13;4.107;4.165;483493;483788
37;1.222;1.222;244;336
9;0.349;0.349;1;9
6;0.214;0.214;745;838
3;0.159;0.16;3778;3866
3;6.398;6.461;720630;1057799
7;4.159;4.227;571405;594984
7;4.839;4.908;367685;806161
7;0.777;0.789;65667;90323
6;0.348;0.353;21668;21686
7;0.857;0.877;111596;112008
6;0.643;0.655;63352;78301
5;0.168;0.168;98;102
6;0.816;0.834;111285;111405
3;6.383;6.455;720630;1057799
2;0.345;0.346;27974;28549
6;3.278;3.325;354393;580748
3;6.845;6.909;720630;1057799
5;4.109;4.235;571345;594689
5;4.203;4.256;358460;754669
3;6.872;6.938;720630;1057799
5;4.027;4.1;571347;594691
5;3.847;3.907;354581;681400
3;6.425;6.487;720630;1057799
7;0.878;0.907;111271;111406
7;4.788;4.851;358449;806611
3;6.42;6.542;720630;1057799
8;0.933;0.946;111819;112406
8;4.54;4.605;359614;799401
3;6.73;6.791;720630;1057799
6;4.036;4.102;571349;594720
6;4.523;4.594;367539;808036
3;6.556;6.693;720630;1057799
9;0.915;0.929;111461;111905
9;4.842;4.947;365889;818229
3;6.404;6.466;720630;1057799
7;0.876;0.902;111393;111782
7;4.738;4.809;367845;809589
5;0.196;0.196;1;5
5;0.196;0.196;1;5
5;0.211;0.211;1;5
10;3.7;3.775;366498;570956
8;0.427;0.431;21754;21854
10;0.983;1.004;111775;112472
34;1.18;1.181;1424;1489
8;3.556;3.612;483535;483711
33;1.168;1.168;1846;1982
4;0.131;0.131;6;10
3;3.76;3.755;483428;483430
4;3.489;3.538;483427;483431
11;0.364;0.364;68;85
10;0.382;0.382;185;209
9;0.33;0.33;736;747
5;0.586;0.591;21165;47055
2;0.096;0.096;17;23
5;0.174;0.174;3;8
14;0.472;0.472;21;39
16;3.823;3.872;483427;483443
13;0.407;0.407;20;38
4;6.6;6.688;721716;1081068
6;0.819;0.834;111255;111293
6;4.005;4.059;355364;670461
4;3.397;3.459;483433;483437
5;3.464;3.527;483666;483680
5;0.22;0.22;134;144
1;0.035;0.035;1;1
1;0.033;0.033;2;2
3;0.103;0.103;6;14
5;0.192;0.192;2150;2449
4;0.193;0.194;4134;5608
18;1.504;1.511;26232;118363
10;0.413;0.413;2535;7840
7;1.146;1.163;124701;130037
8;1.02;1.034;91576;96570
9;0.342;0.342;2061;2176
28;4.231;4.28;483488;483794
41;1.477;1.478;3005;3237
17;0.908;0.911;16228;29385
7;0.251;0.251;218;572
7;0.21;0.21;218;572
3;0.145;0.145;789;796
3;1.463;1.493;160991;202500
8;3.65;3.703;197889;468961
32;1.13;1.13;848;947
27;0.877;0.877;421;447
2;3.462;3.794;488173;489775
17;0.615;0.615;3735;4181
4;0.137;0.137;21;25
21;1.005;1.007;11676;19595
5;0.168;0.168;10;18
5;0.19;0.19;3;7
5;0.205;0.205;2417;2494
15;0.5;0.5;3;17
5;5.215;5.293;573839;717556
2;3.815;3.816;519305;535959
2;0.071;0.07;121;124
6;0.244;0.244;154;166
8;0.277;0.277;1495;1703
2;5.28;5.28;711842;824646
8;4.63;4.708;588373;628373
8;3.567;3.627;360618;582708
7;0.457;0.458;6711;15864
2;0.122;0.122;644;652
4;0.126;0.126;570;581
3;6.432;6.492;720630;1057799
2;0.29;0.29;28694;29245
11;3.44;3.484;355133;581501
24;0.836;0.836;26;52
23;4.287;4.277;483428;483450
15;0.527;0.527;154;266
6;0.589;0.601;35369;70860
1;0.053;0.052;3271;3271
6;0.269;0.271;12217;12567
30;0.97;0.97;1;30
30;4.354;4.355;483427;483456
30;0.972;0.972;1;30
5;0.321;0.323;9566;14484
5;1.276;1.288;69679;127087
5;0.186;0.186;329;379
10;3.799;3.852;483445;483485
17;0.587;0.587;165;224
5;3.48;3.544;483428;483446
3;0.175;0.176;1436;1482
29;0.976;0.976;706;747
13;0.451;0.451;737;843
5;0.228;0.228;2221;2776
4;0.203;0.203;5389;8224
17;1.173;1.175;10836;73259
5;0.165;0.165;22;76
5;0.212;0.212;155;182
2;0.084;0.084;1203;2066
23;0.737;0.737;45;175
13;0.449;0.449;36;178
23;0.753;0.753;533;846
3;6.41;6.47;720630;1057799
3;3.497;3.558;506939;508673
4;3.38;3.426;372549;599621
4;6.252;6.381;711904;959222
10;0.957;0.969;111422;111796
8;3.323;3.37;355846;564669
2;0.069;0.069;81;83
1;0.031;0.031;2;2
2;0.086;0.086;4;5
3;6.481;6.535;720630;1057799
5;3.244;3.287;350546;574378
5;4.147;4.205;365672;728596
3;6.984;7.047;720630;1057799
6;3.244;3.287;350552;574390
6;4.055;4.117;360722;710497
4;0.597;0.607;46695;82433
4;0.309;0.314;30406;32833
4;0.399;0.41;40567;50171
49;1.702;1.702;2966;3081
21;4.025;4.077;485861;487096
10;0.586;0.59;21774;37384
2;0.063;0.063;83;87
3;0.094;0.094;7;9
2;3.395;3.394;483435;483438
3;3.423;3.472;483848;483900
14;3.758;3.819;483476;483645
15;0.496;0.496;2;16
3;6.873;6.96;720630;1057799
6;0.976;1.007;113815;115188
6;4.463;4.52;358421;795526
2;0.105;0.105;17;19
3;0.099;0.099;1;3
3;0.125;0.125;1957;2045
11;0.42;0.42;120;167
11;0.378;0.378;128;194
11;0.376;0.376;103;166
12;1.009;1.015;23192;75052
7;3.963;4.035;508046;531007
4;3.648;3.706;499764;506753
5;0.167;0.167;3;7
6;3.492;3.554;483430;483437
7;3.625;3.625;483427;483433
5;0.15;0.15;5;9
5;0.155;0.155;2;6
5;0.179;0.179;1;5
11;0.372;0.372;246;393
1;0.153;0.152;15871;15871
12;0.403;0.403;77;112
7;0.755;0.77;46781;94567
7;0.466;0.474;31338;38502
7;0.524;0.535;37341;55048
4;0.612;0.624;46695;82433
4;0.284;0.29;26322;26451
4;0.427;0.437;40575;50169
7;0.762;0.773;48070;97777
7;0.466;0.476;34989;43138
7;0.582;0.593;41026;59887
7;0.944;0.959;67694;114178
7;0.472;0.478;36656;43815
7;0.553;0.565;41035;59872
2;0.061;0.061;4;5
2;0.068;0.068;26;27
2;0.06;0.06;37;39
5;0.164;0.164;217;290
5;0.185;0.185;113;165
5;0.156;0.156;408;524
8;0.296;0.296;1181;2255
7;0.255;0.255;67;82
8;0.26;0.26;19;26
3;6.759;6.824;720630;1057799
6;4.063;4.141;571399;594890
6;3.982;4.042;365649;700365
171;5.837;5.837;522;1641
166;5.544;5.544;310;638
163;6.202;6.207;25373;42324
2;0.072;0.072;304;458
5;0.199;0.199;2;6
5;0.176;0.176;86;94
3;0.092;0.092;1;3
3;0.127;0.127;1;3
3;0.104;0.104;1;3
9;3.587;3.653;483487;483527
14;0.841;0.847;49600;49897
19;0.631;0.631;13;50
17;1.259;1.279;84387;115030
13;3.666;3.715;483629;483780
17;1.362;1.377;115767;119737
3;6.462;6.522;720630;1057799
5;4.232;4.303;571363;594787
5;4.051;4.111;367371;717297
4;0.19;0.19;262;268
3;1.474;1.494;127542;194517
3;0.17;0.17;2002;2209
71;2.417;2.417;627;801
73;5.726;5.777;483933;485010
73;5.733;5.806;484260;484781
3;6.634;6.693;720630;1057799
5;4.035;4.094;571721;595493
5;3.965;4.025;365499;699750
3;6.703;6.763;720630;1057799
5;4.058;4.122;571367;594838
5;4.279;4.337;366278;740070
15;0.523;0.523;364;1230
5;0.275;0.277;10175;12737
22;0.737;0.737;184;444
15;0.557;0.557;38;53
6;0.228;0.228;47;52
3;1.278;1.302;140212;164814
3;6.749;6.812;720630;1057799
6;0.832;0.844;111693;112445
6;4.009;4.067;356422;706462
3;6.59;6.663;720630;1057799
5;4.309;4.385;571351;594703
5;4.205;4.26;358460;754669
5;0.174;0.174;19;23
3;3.362;3.417;483438;483441
4;1.519;1.545;146903;185217
3;6.405;6.473;720630;1057799
6;4.097;4.165;571357;594761
6;4.09;4.153;365648;697248
1;0.082;0.083;3776;3776
3;3.668;3.734;486568;496389
4;4.206;4.285;533034;582815
4;0.219;0.219;1900;2292
3;0.15;0.149;2437;4302
12;0.449;0.45;1202;7341
9;0.301;0.301;1;9
6;3.536;3.537;483427;483432
9;0.33;0.33;1;9
3;0.103;0.103;17;19
8;3.52;3.58;483451;483517
9;0.309;0.309;3;11
5;0.173;0.173;825;947
3;1.29;1.308;132359;173793
4;2.02;2.044;138324;266653
5;0.224;0.224;952;1641
13;0.417;0.417;61;78
11;0.507;0.507;3954;7758
31;1.042;1.042;44;92
35;1.091;1.091;114;179
9;0.802;0.807;29625;53747
15;0.54;0.54;258;333
17;0.561;0.561;1261;1292
6;0.225;0.225;1064;2832
2;0.08;0.08;750;763
10;0.355;0.355;1;10
8;0.249;0.249;165;190
5;0.19;0.19;6;12
5;0.153;0.153;9;16
5;0.154;0.154;10;18
7;0.377;0.377;6794;17400
7;0.26;0.261;2893;7052
7;0.368;0.368;7228;17279
2;0.06;0.06;2;3
4;0.136;0.136;1;4
2;3.405;3.407;483428;483429
11;3.677;3.741;485109;485510
11;0.4;0.4;2;16
14;0.504;0.504;19;33
10;0.345;0.346;1804;2360
3;0.154;0.155;2437;4302
20;1.036;1.038;6226;45076
7;0.236;0.236;34;43
5;0.166;0.166;1;5
5;0.165;0.165;1;5
3;6.399;6.468;720630;1057799
5;0.811;0.837;111433;111764
5;3.932;3.991;365502;699374
3;0.104;0.105;811;1120
3;0.153;0.153;58;61
2;0.075;0.076;1141;1672
1;0.096;0.096;5763;5763
3;3.732;3.79;486708;496754
3;3.711;3.763;506890;520894
20;0.669;0.669;1;20
20;3.894;3.954;483482;483519
20;6.275;6.322;175336;688996
5;0.167;0.167;1125;1129
5;0.158;0.158;6;10
5;0.154;0.154;1;5
11;2.851;2.911;361806;445870
7;3.698;3.756;502351;505132
11;1.04;1.067;111543;112328
16;0.534;0.534;82;852
16;0.56;0.56;145;217
14;0.465;0.465;110;159
75;2.479;2.479;409;547
17;0.685;0.685;2863;11276
47;2.083;2.087;16178;45994
4;0.133;0.133;412;415
4;0.161;0.161;93;96
4;0.124;0.124;1;4
4;0.138;0.138;84;105
3;0.104;0.104;524;539
4;0.182;0.182;4;7
7;0.344;0.345;6868;18334
7;0.274;0.274;2880;7013
7;0.319;0.321;6570;15683
14;1.678;1.687;35806;145001
5;0.176;0.176;641;695
5;0.169;0.169;224;229
7;0.355;0.356;8058;18433
7;0.273;0.274;3055;7794
7;0.31;0.311;5397;15584
7;1.047;1.074;96804;135659
5;3.446;3.496;483432;483450
7;0.998;1.025;121330;123388
9;0.321;0.321;2;10
8;3.551;3.613;483997;484409
9;3.637;3.686;484047;484261
5;0.164;0.164;47;52
2;3.53;3.531;483427;483429
5;0.159;0.159;47;52
5;0.168;0.168;256;330
5;0.176;0.176;11;15
1;0.179;0.178;16046;16046
3;6.421;6.482;720630;1057799
7;0.895;0.917;111686;111998
7;3.621;3.671;378952;633397
4;0.416;0.424;23061;32789
4;3.508;3.506;483427;483430
4;0.148;0.149;2459;2697
5;0.179;0.179;690;891
21;4.045;4.045;483427;483447
28;0.941;0.941;60;143
5;0.371;0.378;27106;32139
6;0.209;0.209;35;50
6;0.19;0.19;76;143
4;6.557;6.652;743282;1082709
5;3.374;3.416;373831;599284
5;3.814;3.862;377500;631560
21;0.719;0.719;3443;3463
23;0.802;0.802;682;705
23;0.801;0.802;683;708
3;6.44;6.498;720630;1057799
5;4.057;4.122;571507;595149
5;3.616;3.669;365143;643772
10;1.383;1.388;27456;122453
10;0.329;0.329;219;1122
9;0.3;0.3;169;482
14;0.493;0.493;381;716
5;0.268;0.27;10534;13394
23;0.828;0.828;48;139
13;0.427;0.427;139;173
49;1.724;1.724;36;148
11;3.622;3.671;483699;483909
4;0.132;0.132;172;181
4;0.127;0.127;21;25
4;0.181;0.181;1052;1428
36;1.222;1.222;276;331
6;3.46;3.532;483432;483438
4;3.449;3.502;483430;483434
35;1.261;1.262;455;1190
26;4.302;4.362;483476;483526
35;8.4;8.454;190098;818808
4;0.149;0.149;704;708
4;0.127;0.127;4;7
4;0.132;0.132;1;4
6;0.269;0.27;2153;5125
6;0.206;0.206;1380;1807
6;0.21;0.21;1000;1259
3;6.626;6.692;720630;1057799
6;0.872;0.897;112000;113003
6;4.426;4.486;358549;791543
3;0.119;0.119;440;458
16;3.803;3.852;483502;483861
8;3.584;3.643;484687;485015
25;2.962;2.97;34033;237067
15;0.491;0.491;285;355
10;0.352;0.352;278;335
2;0.096;0.095;3367;3370
5;0.155;0.155;103;111
3;0.142;0.142;347;366
27;0.935;0.935;32;71
18;3.906;3.956;483427;483542
7;0.244;0.244;90;105
9;0.341;0.341;122;534
7;3.868;3.929;488647;521811
7;3.857;3.924;488592;522350
5;0.165;0.165;2;6
5;0.16;0.16;2;6
5;0.162;0.162;1;5
7;0.314;0.314;1996;6062
7;0.243;0.244;1617;2155
6;0.203;0.203;613;750
5;0.184;0.184;1;5
1;0.085;0.085;7300;7300
5;0.17;0.17;12;16
19;0.681;0.682;3003;5856
6;3.637;3.689;487518;502361
8;4.047;4.113;488275;502633
2;0.071;0.071;8;9
3;0.11;0.111;2185;2187
6;0.197;0.197;7;17
6;0.555;0.56;23302;36772
12;0.429;0.429;703;1018
15;0.526;0.526;302;350
14;0.479;0.479;6;30
14;0.522;0.522;1;14
12;0.478;0.478;572;665
3;6.48;6.541;720630;1057799
8;4.339;4.413;576438;602749
8;4.745;4.812;360699;812939
24;0.844;0.844;262;309
23;0.826;0.826;21;61
23;0.791;0.791;66;110
6;0.754;0.765;48067;97061
6;0.465;0.472;36579;43713
6;0.523;0.535;41011;59883
5;0.649;0.661;44028;87302
5;0.363;0.368;30506;37356
5;0.456;0.467;37340;55037
26;0.912;0.912;478;1388
9;0.304;0.304;394;732
19;0.645;0.645;195;530
6;0.81;0.829;63108;100579
1;0.051;0.05;3128;3128
6;0.287;0.289;12285;12669
5;0.656;0.662;44028;87302
5;0.375;0.383;30515;37377
5;0.481;0.487;37340;55027
15;0.536;0.536;18;43
5;3.475;3.53;483434;483440
15;0.593;0.593;49;69
3;6.464;6.527;720630;1057799
6;0.913;0.933;114239;115251
6;4.266;4.322;357581;754876
11;0.39;0.39;1;11
5;2.518;2.542;128759;301564
11;0.443;0.443;17;30
6;0.211;0.211;11;16
5;0.226;0.227;10152;10160
5;0.279;0.279;10151;10155
25;1.874;1.876;14995;121565
5;0.202;0.202;603;1137
7;0.254;0.254;758;1489
3;7.181;7.244;720630;1057799
16;1.199;1.228;111279;111425
14;3.941;3.994;358601;615222
6;0.258;0.258;1;6
2;0.5;0.501;60536;60538
2;0.805;0.801;89927;93381
2;0.075;0.075;626;627
3;0.106;0.106;1;3
3;0.109;0.109;626;628
21;0.788;0.788;2953;3575
11;5.558;5.628;494213;738441
10;5.566;5.634;494331;736963
7;0.271;0.271;235;267
8;4.039;4.089;483617;483660
8;3.807;3.902;483642;483684
25;1.076;1.076;3057;3967
14;6.698;6.769;495484;834300
15;7.232;7.358;495792;838505
11;0.801;0.801;1917;2507
2;5.131;5.133;483669;484220
1;3.755;3.756;483427;483427
7;0.256;0.256;345;555
7;0.448;0.449;7312;14564
1;0.167;0.166;16046;16046
2;5.595;5.593;711842;824646
4;0.826;0.85;111245;111260
4;2.16;2.192;341614;342936
11;0.528;0.528;4494;10919
8;0.7;0.716;61749;61930
2;0.097;0.097;979;1536
9;0.435;0.436;8062;15309
9;0.31;0.31;238;592
15;0.682;0.682;4008;6465
13;0.503;0.503;42;64
7;0.279;0.28;1887;2025
10;0.436;0.436;3792;3904
4;0.592;0.605;45840;76247
3;0.325;0.332;32308;34434
4;0.464;0.474;41010;59841
4;0.603;0.613;43693;77617
4;0.32;0.328;26165;28194
4;0.447;0.457;36869;45344
4;0.153;0.153;1;4
4;0.321;0.324;12343;15645
4;0.155;0.155;13;16
18;0.667;0.667;3;20
13;4.103;4.171;483427;483441
13;3.976;4.028;483431;483505
11;0.454;0.454;12;22
12;0.561;0.562;4454;7033
9;0.366;0.366;1273;2658
7;0.95;0.954;23521;78796
2;0.072;0.072;209;248
12;0.417;0.417;1218;1761
8;0.469;0.47;6803;12662
12;0.425;0.425;673;698
13;0.576;0.577;5895;9643
9;0.33;0.33;3019;3040
10;0.424;0.423;2695;2704
10;0.369;0.37;2764;2780
3;0.101;0.101;1;3
3;0.106;0.106;1;3
5;0.178;0.178;152;182
5;0.176;0.176;1;5
5;0.188;0.188;1;5
5;0.173;0.173;1;5
8;0.282;0.281;152;241
4;0.184;0.184;2538;2868
3;0.324;0.327;19967;24638
11;0.392;0.392;57;122
11;0.401;0.401;71;86
8;0.264;0.264;61;95
13;0.485;0.485;1;13
6;0.218;0.218;1;6
7;0.283;0.283;1;7
1;0.033;0.033;2;2
2;0.118;0.117;2182;2183
2;0.071;0.071;54;55
10;1.275;1.28;24288;104475
2;0.736;0.735;83173;92584
2;1.241;1.242;113040;141985
6;0.262;0.262;670;801
6;0.283;0.283;817;843
6;0.251;0.252;1532;1832
10;0.475;0.475;34;67
10;0.355;0.355;1;10
3;0.208;0.209;5898;8063
20;0.819;0.819;1223;3578
3;3.827;3.889;486021;488855
1;3.52;3.525;483427;483427
2;5.514;5.511;711842;824646
8;1.007;1.03;112906;114409
5;3.146;3.197;351766;530190
12;0.456;0.456;3;15
3;0.118;0.118;41;43
11;0.45;0.45;14;24
7;3.821;3.878;483429;483441
5;3.789;3.866;483428;483447
8;0.342;0.342;6;25
79;2.892;2.892;91;318
41;5.038;5.087;483512;484068
24;0.933;0.933;201;292
5;0.177;0.177;509;514
4;0.159;0.159;1831;1838
6;0.26;0.26;1;6
16;4.23;4.282;483649;483800
19;4.402;4.399;483427;483445
17;4.084;4.15;483663;483812
19;0.817;0.817;27;48
6;0.292;0.292;250;266
19;0.834;0.834;1;19
3;7.049;7.112;720630;1057799
8;1.095;1.11;111809;112802
8;4.885;4.95;360537;817127
8;1.128;1.134;25581;98618
8;0.315;0.315;30;37
7;0.24;0.24;71;86
13;1.118;1.122;16407;72286
5;3.596;3.654;483429;483569
5;0.254;0.255;4131;4160
5;3.135;3.178;255803;413735
5;0.815;0.827;111676;112233
5;1.673;1.728;237721;271159
4;0.152;0.152;207;261
4;0.145;0.145;2;5
1;0.04;0.04;71;71
11;0.417;0.417;21;40
11;0.49;0.491;6696;10617
8;0.354;0.353;2568;7703
12;0.449;0.449;8;20
4;0.137;0.137;55;58
12;0.477;0.477;1;12
3;0.121;0.121;1606;1746
2;0.087;0.086;1798;2001
6;0.238;0.238;458;1521
23;2.981;2.991;33511;225889
18;0.719;0.719;1580;2866
23;0.826;0.826;29;53
2;0.078;0.078;70;81
2;0.073;0.073;98;109
2;0.07;0.07;70;81
11;0.401;0.401;52;99
10;0.362;0.362;11;23
6;0.259;0.259;18;37
4;0.231;0.232;3555;9851
7;0.271;0.271;1578;1836
26;1.027;1.027;58;125
4;0.156;0.156;360;484
4;0.415;0.42;16409;30772
4;0.454;0.458;23206;37785
7;0.301;0.301;1501;2130
7;0.256;0.256;109;191
7;0.257;0.257;7;13
8;0.303;0.303;3;10
3;3.66;3.727;483427;483429
6;0.233;0.233;26;42
3;0.441;0.442;18496;37520
1;0.167;0.167;16046;16046
3;0.11;0.11;7;10
3;0.113;0.113;5;7
3;0.108;0.108;17;19
3;0.194;0.195;5543;6022
4;6.434;6.52;711904;959222
8;4.257;4.324;571363;594827
7;3.461;3.513;358180;569646
2;5.397;5.399;711842;824646
8;2.217;2.255;341221;341229
4;3.183;3.233;351390;520391
1;0.035;0.035;17;17
1;0.486;0.485;60776;60776
1;0.454;0.454;60776;60776
22;0.835;0.835;70;114
17;0.613;0.613;415;702
15;0.619;0.62;4416;11039
14;0.501;0.501;34;47
14;0.498;0.498;42;117
8;0.293;0.293;493;611
9;0.348;0.348;905;1049
2;0.927;0.929;115206;121291
5;2.481;2.517;181583;327168
16;0.66;0.661;3980;8057
7;0.252;0.252;290;591
13;0.536;0.537;3643;6712
36;2.637;2.648;40315;134287
54;1.975;1.975;105;161
123;4.465;4.465;2;124
2;5.632;5.689;711842;824646
7;2.705;2.737;341225;341256
3;2.827;2.861;351271;483517
3;6.77;6.833;720630;1057799
6;0.884;0.908;111499;112039
6;4.634;4.691;358421;795526
10;0.398;0.398;66;162
4;0.165;0.165;215;326
6;0.371;0.37;3843;9603
1;0.037;0.037;52;52
1;0.266;0.265;31808;31808
1;0.111;0.112;8937;8937
3;6.667;6.735;720630;1057799
7;0.949;0.965;112246;113575
7;4.431;4.493;366694;766221
2;5.354;5.354;711842;824646
4;2.245;2.296;341219;341224
4;2.351;2.39;355963;378440
3;0.106;0.106;9;11
3;0.11;0.11;1;3
2;0.251;0.25;14221;16917
23;0.828;0.828;7;30
5;3.508;3.572;483427;483433
7;0.291;0.291;90;106
8;0.291;0.291;5;16
2;3.694;3.694;483427;483428
4;1.834;1.862;135394;230449
6;0.281;0.281;1096;1248
5;4.124;4.183;490011;571303
5;4.095;4.152;490600;566835
6;0.216;0.216;1;6
4;0.141;0.141;1;4
6;0.203;0.203;21;63
6;0.213;0.213;37;42
3;0.118;0.118;154;158
6;0.245;0.245;1;6
22;0.787;0.787;493;535
8;0.279;0.279;25;93
11;0.422;0.422;282;380
14;1.21;1.214;16971;95043
3;3.413;3.474;483437;483646
3;0.137;0.138;3400;3402
4;0.24;0.239;969;2793
19;0.687;0.687;227;315
23;0.913;0.913;3598;3652
4;0.144;0.144;480;1049
14;0.529;0.529;208;221
14;0.586;0.585;3477;3490
3;6.608;6.616;720630;1057799
6;0.871;0.882;111558;112076
6;4.299;4.363;358464;755458
4;0.143;0.143;5;8
1;0.037;0.037;1;1
6;0.227;0.227;5;10
20;0.742;0.742;849;1126
19;0.675;0.675;92;168
16;0.564;0.564;14;47
3;0.105;0.105;581;655
5;0.224;0.224;3772;4529
4;0.169;0.169;30;37
12;0.436;0.436;36;50
7;0.291;0.291;444;595
12;0.423;0.423;53;77
14;0.566;0.567;1082;3502
12;2.377;2.405;111673;221318
12;1.291;1.302;43419;77308
6;0.254;0.254;217;288
5;2.049;2.073;121241;252059
5;0.229;0.229;717;920
7;0.253;0.253;5;16
7;0.239;0.239;30;38
6;0.255;0.255;1445;2732
18;0.672;0.672;21;273
14;0.525;0.525;34;58
11;0.374;0.374;37;60
21;0.732;0.732;26;48
4;0.134;0.134;182;210
14;0.484;0.484;124;140
3;6.888;6.952;720630;1057799
7;0.93;0.952;113448;114868
7;4.734;4.843;360662;812363
12;0.443;0.443;5;16
6;4.151;4.202;483431;483438
10;0.406;0.406;1;10
10;0.378;0.378;30;49
10;0.357;0.357;22;42
10;0.385;0.385;21;39
2;0.07;0.07;109;118
4;0.14;0.14;4;7
4;0.141;0.141;59;62
55;2.035;2.035;415;523
14;3.91;3.908;483427;483440
5;0.273;0.273;3359;5698
1;0.035;0.035;198;198
1;0.267;0.267;31808;31808
1;0.273;0.274;31808;31808
4;0.204;0.205;5587;6654
4;0.826;0.851;94879;95967
4;0.612;0.628;60515;60671
8;0.409;0.41;9167;9359
11;0.498;0.5;9584;10389
19;0.757;0.759;9183;9909
16;0.592;0.592;122;169
16;0.578;0.578;688;817
14;2.168;2.184;64673;223601
24;0.907;0.907;67;110
15;3.901;3.953;485158;485406
10;3.703;3.763;483431;483455
3;6.681;6.742;720630;1057799
6;4.168;4.248;571372;594869
6;4.316;4.378;367375;717470
19;0.861;0.866;21665;21717
10;0.524;0.529;21663;21703
17;0.817;0.819;21670;21713
40;1.758;1.76;9166;21465
40;1.502;1.502;1128;2572
11;0.744;0.746;6420;21436
2;5.429;5.438;711842;824646
4;4.231;4.292;571493;595278
4;2.874;2.929;353336;478353
3;6.782;6.809;720630;1057799
7;0.93;0.941;111660;112446
7;4.407;4.473;357745;774428
3;6.493;6.554;720630;1057799
6;0.956;0.996;113904;115395
6;3.621;3.675;358425;616081
6;0.235;0.235;3;13
6;0.273;0.273;16;24
6;0.231;0.231;827;1057
7;0.255;0.255;10;22
5;0.262;0.264;10154;10163
7;0.266;0.266;4;10
10;0.396;0.396;65;447
6;0.218;0.218;51;64
5;0.177;0.177;50;67
3;6.64;6.705;720630;1057799
6;0.914;0.933;113532;114674
6;4.335;4.392;357702;758064
34;1.237;1.237;22;65
33;1.224;1.224;22;59
34;1.341;1.342;3840;6187
5;0.428;0.437;33114;33564
3;3.546;3.544;483427;483429
7;3.635;3.696;484477;485347
31;1.154;1.154;17;49
28;4.411;4.46;483431;483471
26;2.02;2.03;36363;116271
9;0.347;0.347;49;58
8;0.363;0.364;5211;7904
7;0.297;0.298;2084;6454
8;0.372;0.372;1;8
8;0.305;0.305;1513;1903
7;0.348;0.348;5791;5930
3;6.927;6.988;720630;1057799
5;0.842;0.868;111828;112230
5;3.52;3.573;363202;624757
2;5.341;5.34;711842;824646
7;2.189;2.224;341220;341235
3;2.831;2.874;351271;483517
81;4.007;4.011;22533;61795
99;3.75;3.751;1919;4805
24;1.42;1.422;8232;32688
3;6.528;6.587;720630;1057799
6;0.841;0.853;111404;111932
6;4.572;4.637;367539;808036
3;0.49;0.495;46063;50515
3;0.423;0.432;35283;40411
3;0.379;0.384;33545;36139
3;3.377;3.427;483495;483501
4;3.47;3.527;483454;483500
6;3.58;3.648;486226;486756
14;1.823;1.829;28368;145976
7;0.263;0.263;318;336
11;0.413;0.413;81;155
15;0.596;0.596;5;38
15;0.562;0.562;2;30
15;0.544;0.544;3;31
3;6.901;6.963;720630;1057799
5;0.834;0.864;111809;112600
5;4.12;4.184;357095;727560
11;0.426;0.426;300;740
1;0.045;0.045;736;736
10;0.36;0.36;176;250
4;6.051;6.134;711904;959222
9;1.015;1.045;111380;111668
7;3.6;3.655;361790;594769
2;0.083;0.084;794;854
1;0.034;0.034;3;3
3;0.134;0.134;590;599
15;0.539;0.539;66;86
7;3.657;3.708;484996;494394
10;0.651;0.654;16429;24021
10;0.357;0.357;38;47
10;0.393;0.393;1;10
7;0.591;0.596;21706;37363
1;0.146;0.146;12502;12502
2;0.088;0.088;315;316
3;0.107;0.107;31;33
12;1.36;1.367;29809;102510
3;3.567;3.695;484335;484622
11;0.438;0.438;2;12
4;6.619;6.71;720690;1062123
7;1.252;1.281;149791;150481
7;4.421;4.483;357640;757908
4;6.25;6.336;711904;959222
13;1.136;1.15;111582;112635
9;3.779;3.842;361822;602532
4;6.662;6.752;711904;959222
10;1.034;1.06;111366;111769
8;3.511;3.57;356359;553724
4;6.157;6.249;711904;959222
6;0.894;0.922;111364;111648
6;3.135;3.183;352028;513471
18;0.878;0.878;3530;24049
18;3.933;4.0;483447;483471
16;0.628;0.628;48;88
7;0.288;0.288;4;10
3;3.608;3.593;483427;483429
7;3.758;3.839;483429;483436
4;6.146;6.231;711904;959222
11;1.054;1.072;111635;112135
9;3.169;3.215;343305;508734
9;0.385;0.385;972;1747
7;1.893;1.918;105514;198305
7;0.701;0.708;25076;40154
13;0.472;0.472;44;56
9;0.328;0.328;1;9
6;0.362;0.364;11018;12846
9;0.316;0.316;7;15
9;0.341;0.341;8;16
7;0.493;0.499;19076;29544
4;0.138;0.138;66;85
4;0.144;0.144;107;132
4;0.201;0.202;4171;7633
4;0.488;0.496;33436;58008
1;0.038;0.038;820;820
9;0.319;0.319;965;981
11;0.444;0.446;9166;9417
1;0.093;0.093;9141;9141
11;0.458;0.46;9208;9219
4;0.16;0.161;1223;1956
4;0.2;0.2;1277;3128
2;0.082;0.082;1195;1819
50;1.858;1.858;13;70
43;1.537;1.537;25;100
45;1.556;1.556;1;45
10;0.365;0.365;386;589
8;0.27;0.27;416;427
4;0.139;0.139;434;439
27;1.028;1.028;77;339
85;6.349;6.398;483567;484070
54;1.944;1.944;122;571
12;0.43;0.43;8;25
7;0.261;0.261;31;37
11;3.68;3.742;483466;483481
3;6.603;6.664;720630;1057799
8;0.954;0.969;111702;112748
8;4.933;5.003;360662;813589
3;6.449;6.508;720630;1057799
6;0.894;0.907;112100;112925
6;4.414;4.473;358549;791543
3;6.483;6.553;720630;1057799
7;0.973;0.985;112405;113499
7;4.383;4.443;357730;769149
3;6.544;6.607;720630;1057799
7;0.941;0.954;113911;115305
7;4.467;4.533;359830;784163
4;0.222;0.223;5555;5761
7;3.577;3.577;483427;483433
7;0.256;0.256;6;12
5;0.178;0.178;74;90
5;3.525;3.525;483427;483431
5;0.18;0.18;3;7
11;0.428;0.429;3179;4631
7;0.658;0.658;1177;1668
1;3.413;3.416;483427;483427
3;0.105;0.105;2;6
12;0.431;0.431;18;31
3;0.149;0.149;94;104
4;0.152;0.152;3;6
1;0.034;0.034;159;159
2;0.071;0.071;245;332
24;0.852;0.852;78;101
5;3.538;3.588;483431;483815
24;0.865;0.865;35;67
4;0.134;0.134;1;4
2;0.268;0.269;18284;32278
3;0.253;0.257;18406;19186
25;0.953;0.953;8;34
19;0.69;0.69;61;133
25;1.617;1.63;62277;79293
2;0.072;0.072;301;302
2;0.212;0.212;10079;17963
2;0.121;0.12;811;1038
1;0.046;0.046;392;392
1;0.452;0.453;60776;60776
3;1.456;1.474;126769;188091
20;0.72;0.72;9;40
15;0.557;0.557;88;144
20;0.799;0.8;4886;8377
2;0.065;0.065;1;2
1;0.032;0.032;1;1
2;0.114;0.114;1;2
9;0.314;0.314;17;39
8;0.307;0.307;11;18
9;0.32;0.32;1;9
5;0.169;0.169;23;110
30;1.107;1.107;828;1213
28;1.042;1.042;83;135
3;6.502;6.562;720630;1057799
3;3.601;3.667;507794;512672
16;3.763;3.805;355107;581482
3;6.426;6.488;720630;1057799
6;0.859;0.879;111691;112283
6;4.276;4.339;358336;758908
9;3.642;3.7;483427;483493
10;3.7;3.751;484210;484378
9;3.602;3.657;483427;483493
9;0.375;0.375;2967;3088
3;3.47;3.52;486551;490624
4;3.735;3.797;487244;497893
13;0.479;0.479;14;33
10;0.343;0.343;51;66
11;0.447;0.447;44;57
7;0.262;0.262;35;85
1;3.422;3.419;483427;483427
1;3.372;3.372;483427;483427
3;6.451;6.512;720630;1057799
7;4.099;4.167;571784;596119
8;4.848;4.916;365012;837189
2;0.082;0.082;3;4
2;0.122;0.123;10151;10152
2;0.073;0.073;1;2
3;6.428;6.501;720630;1057799
5;0.838;0.866;111293;111539
5;3.485;3.536;359062;610059
2;0.074;0.075;294;332
7;0.599;0.604;38510;38527
8;0.944;0.957;57663;81682
22;0.828;0.828;152;301
11;7.357;7.451;600439;966007
21;1.753;1.761;35395;100298
100;3.366;3.366;2;101
6;0.479;0.48;4681;16543
23;0.847;0.848;680;3106
14;0.512;0.512;152;280
71;2.613;2.613;858;1917
9;0.307;0.307;113;156
100;3.453;3.453;3;103
8;0.537;0.538;4919;18338
12;0.461;0.461;525;1676
21;0.969;0.97;7432;12987
22;0.859;0.859;268;363
7;0.372;0.373;4492;9908
2;0.088;0.088;730;851
1;0.451;0.452;60776;60776
3;1.486;1.504;127542;194517
4;0.451;0.456;22158;33469
4;0.143;0.143;7;10
4;0.366;0.369;16859;22195
7;0.763;0.774;51287;86413
7;0.417;0.422;23738;24222
5;3.799;3.858;518648;528774
4;6.276;6.358;711904;959222
6;0.848;0.868;111335;111528
6;3.286;3.347;355840;564191
8;0.318;0.318;14;23
2;3.423;3.421;483473;484001
5;0.495;0.497;21929;35086
35;1.182;1.182;72;135
21;3.979;4.033;483428;483454
15;3.841;3.896;483467;483509
11;0.473;0.473;3113;3143
16;0.602;0.602;2699;2736
18;0.638;0.638;2861;2906
4;6.04;6.135;711904;959222
9;1.045;1.056;111340;111627
7;3.504;3.552;358180;569646
5;0.673;0.678;22532;55860
4;0.165;0.165;133;143
8;0.3;0.3;82;127
35;1.325;1.325;158;270
33;1.249;1.25;1240;2461
4;0.229;0.23;3555;9851
15;0.533;0.533;121;165
15;0.561;0.561;26;68
5;0.303;0.304;7073;9390
8;0.311;0.312;621;972
8;0.333;0.333;312;392
8;1.331;1.349;59802;144933
4;3.437;3.498;483431;483462
2;3.481;3.483;483429;483437
10;0.401;0.401;79;173
4;2.031;2.076;263173;336288
4;1.326;1.362;157378;158142
4;1.639;1.672;235162;237750
2;5.677;5.681;711842;824646
12;2.404;2.441;341223;341248
7;2.415;2.474;350265;372037
16;1.176;1.176;104;267
16;0.565;0.565;170;472
14;1.309;1.32;56924;113682
4;2.094;2.132;248265;341236
4;0.828;0.846;111688;112464
4;1.647;1.686;237720;271156
4;0.147;0.147;1;4
16;0.618;0.618;141;212
8;0.284;0.284;64;72
3;6.549;6.664;720630;1057799
5;3.33;3.348;350551;574383
5;3.641;3.695;366457;627470
4;0.166;0.166;1;4
4;0.166;0.166;1;4
4;0.196;0.196;164;221
3;0.128;0.128;1605;1830
3;0.13;0.13;2194;2520
3;0.13;0.13;2;4
5;0.317;0.32;10939;16742
8;0.286;0.286;19;33
2;0.325;0.325;37745;39248
10;0.371;0.371;68;94
10;0.355;0.355;8;34
10;0.362;0.362;269;491
3;6.466;6.53;720630;1057799
5;0.859;0.89;111941;112722
5;4.019;4.072;357613;721190
2;0.073;0.073;1;2
2;0.225;0.224;10151;10152
2;0.09;0.09;1;2
12;0.454;0.455;984;2345
4;3.74;3.8;488334;497085
5;3.807;3.874;486985;497579
8;0.368;0.368;1483;2619
7;3.661;3.723;483843;484225
7;0.42;0.421;11282;12161
6;0.222;0.222;828;844
1;0.038;0.038;159;159
3;0.114;0.114;140;157
2;0.309;0.31;33009;35169
4;0.78;0.799;111646;112138
4;0.167;0.168;4591;4599
23;0.855;0.855;11;128
3;1.465;1.484;126557;185140
6;2.792;2.824;152362;351496
4;0.211;0.21;3555;9851
3;0.121;0.121;1329;1344
2;0.092;0.093;979;1536
4;6.548;6.642;720690;1062123
8;1.097;1.119;124627;126315
8;4.592;4.657;358641;806952
19;0.728;0.728;959;3505
6;0.218;0.218;157;461
9;0.368;0.368;226;957
3;6.989;7.057;720630;1057799
8;0.964;0.984;111945;113304
8;4.7;4.768;364308;805006
4;0.267;0.266;3555;9851
2;0.092;0.093;1477;1932
15;0.605;0.605;702;1177
6;0.206;0.206;126;172
6;0.224;0.224;5;10
6;0.247;0.247;96;103
16;0.606;0.606;46;66
9;0.326;0.326;624;881
17;0.602;0.602;68;108
8;0.279;0.278;96;140
2;3.518;3.518;483601;483777
7;0.478;0.481;14445;20956
3;6.512;6.573;720630;1057799
5;0.833;0.859;111355;111648
5;4.269;4.322;358332;758652
3;6.577;6.704;720630;1057799
6;0.877;0.907;111555;112281
6;4.554;4.626;358421;795526
3;6.827;6.888;720630;1057799
7;0.978;0.991;115415;117441
7;4.497;4.559;357730;769149
7;0.252;0.252;11;17
7;0.304;0.304;3;9
7;0.245;0.245;9;16
9;2.73;2.756;120512;305587
7;0.265;0.265;470;730
7;0.307;0.307;1011;1369
8;0.309;0.309;13;26
16;0.611;0.611;22;43
8;0.312;0.312;20;32
18;0.673;0.673;71;104
13;3.876;3.929;483430;483446
7;3.642;3.694;483433;483442
2;3.764;3.769;487608;488019
5;0.197;0.198;898;1212
5;0.587;0.594;21736;38884
9;0.327;0.327;33;109
9;0.327;0.327;42;62
9;0.342;0.342;62;105
5;0.183;0.183;1;5
2;0.077;0.077;222;223
3;0.103;0.103;1;3
79;3.045;3.045;259;370
6;2.535;2.578;162124;320076
10;4.081;4.128;183981;495702
4;0.192;0.192;2164;2393
4;0.14;0.14;46;49
4;0.167;0.167;1944;1955
16;0.614;0.614;323;514
16;0.593;0.593;126;141
16;5.869;5.915;168311;627937
3;0.106;0.106;1;3
3;0.458;0.461;22267;29010
3;0.366;0.373;23654;30761
5;0.182;0.182;472;483
4;0.191;0.191;2766;2812
4;0.186;0.187;3759;4544
4;0.144;0.144;3;6
4;0.14;0.14;5;8
4;0.178;0.178;6;11
5;0.194;0.194;24;30
5;0.181;0.181;1;5
5;0.176;0.176;1;5
12;0.482;0.482;2922;2941
3;3.515;3.625;484808;489569
3;3.652;3.708;485015;509585
11;0.431;0.431;480;824
21;0.749;0.749;3;23
3;0.195;0.195;8098;9884
7;0.674;0.684;21745;44804
2;3.534;3.608;483499;484034
7;0.255;0.255;2;8
16;0.575;0.575;318;2268
16;0.581;0.581;8;25
14;0.49;0.49;18;38
21;0.774;0.774;167;456
7;0.288;0.288;1263;1792
21;0.821;0.821;101;149
11;0.395;0.395;73;83
11;0.432;0.432;2;12
5;0.22;0.22;667;2085
4;6.449;6.58;711904;959222
13;1.142;1.156;111726;112728
11;3.641;3.691;355879;557302
8;0.275;0.275;1;8
8;0.31;0.31;1;8
4;2.016;2.056;155170;244780
2;3.558;3.558;483440;483441
1;0.039;0.039;736;736
2;3.659;3.66;483470;483474
12;0.496;0.496;189;335
12;0.424;0.424;30;55
12;0.641;0.647;22524;22545
4;0.158;0.158;306;1067
5;0.178;0.178;2;6
4;0.136;0.136;2;5
1;0.038;0.038;48;48
1;0.461;0.462;60515;60515
2;0.928;0.932;115206;121291
4;0.147;0.147;1;4
5;0.178;0.178;1;5
5;0.214;0.214;2;6
40;1.549;1.549;127;210
2;0.832;0.834;104314;123716
37;1.452;1.452;587;1153
8;0.283;0.283;77;97
8;0.322;0.322;54;66
7;1.06;1.073;57405;108273
22;0.817;0.817;43;93
14;0.527;0.527;49;111
13;0.509;0.509;311;423
5;0.533;0.536;12240;43061
2;0.1;0.1;29;40
2;0.085;0.086;2081;2302
13;0.509;0.509;1658;1901
9;5.497;5.565;493887;726367
11;5.431;5.5;494114;723861
3;0.108;0.108;357;800
1;0.041;0.041;392;392
2;0.121;0.121;723;777
3;6.553;6.615;720630;1057799
6;0.878;0.897;111930;113067
6;4.077;4.133;354540;682811
31;1.126;1.126;302;636
30;1.144;1.144;50;85
31;1.233;1.234;7130;11480
4;0.14;0.14;172;176
4;0.539;0.554;60801;60838
4;0.561;0.57;63628;63807
13;0.487;0.487;406;420
13;0.525;0.525;735;812
12;3.855;3.909;483514;483536
3;0.477;0.48;37431;40068
3;0.766;0.789;83622;87454
3;0.852;0.884;96971;101830
3;6.699;6.762;720630;1057799
5;4.151;4.233;571361;594766
5;3.784;3.841;365279;647649
16;0.612;0.612;207;308
10;3.66;3.713;483438;483460
16;0.627;0.627;43;62
27;0.98;0.98;8;36
21;0.714;0.714;1;21
21;0.765;0.765;2;22
3;0.12;0.12;195;197
2;0.081;0.081;295;302
3;0.107;0.107;1;3
16;0.627;0.627;108;1652
6;0.647;0.655;62865;63858
11;0.634;0.643;31825;31837
5;0.29;0.292;7758;12956
20;0.722;0.722;16;36
11;0.478;0.48;7297;11694
3;0.112;0.112;8;10
3;0.11;0.11;3;5
3;0.109;0.109;1;3
5;0.227;0.228;7362;7378
5;0.185;0.185;1102;1430
4;0.159;0.159;767;933
4;6.313;6.402;711904;959222
6;0.899;0.926;114099;114488
6;3.158;3.213;342525;515170
39;1.59;1.59;1303;13029
3;0.168;0.169;2413;4727
20;0.806;0.806;1471;8170
3;0.103;0.103;7;12
2;3.449;3.447;483430;483433
3;0.15;0.15;1;3
100;3.341;3.341;1;100
10;0.662;0.663;4931;22125
65;2.419;2.419;1365;7579
3;6.517;6.577;720630;1057799
9;0.976;1.004;111719;112761
9;4.889;4.958;360564;827471
3;6.505;6.582;720630;1057799
2;4.381;4.381;571344;594672
8;4.557;4.623;359758;786307
4;6.524;6.614;720690;1062123
3;3.381;3.435;484162;484460
10;3.475;3.559;351201;579736
3;6.725;6.785;720630;1057799
8;0.933;0.946;112581;113994
8;4.755;4.82;360663;812761
3;5.536;5.611;713094;847915
3;3.428;3.488;484525;485269
13;2.609;2.642;344445;366337
9;3.999;4.042;361845;642432
3;0.117;0.117;478;480
9;4.745;4.84;595862;633242
5;0.202;0.202;2;8
4;0.154;0.154;102;110
5;0.166;0.166;2;8
11;0.725;0.727;7975;27047
4;0.447;0.454;33450;34117
4;0.182;0.182;20;25
9;4.213;4.262;361845;642432
3;3.487;3.55;483427;483430
9;1.081;1.105;111390;111808
18;0.715;0.715;41;154
2;0.301;0.3;30645;30830
18;0.652;0.652;13;31
6;0.23;0.23;547;803
6;0.225;0.225;25;45
6;0.227;0.227;30;63
12;0.483;0.483;504;2498
12;0.44;0.44;24;40
12;0.428;0.428;36;52
8;3.723;3.768;361843;638712
1;0.089;0.088;5083;5083
3;3.978;4.054;571345;594676
9;3.816;3.862;361978;639936
3;3.446;3.499;483427;483431
9;4.243;4.317;571428;595037
3;7.008;7.079;720630;1057799
2;3.857;3.857;484523;485266
5;3.502;3.542;351802;576238
3;0.117;0.117;67;71
2;0.576;0.576;57461;71548
3;0.75;0.768;76452;102126
7;0.235;0.235;54;280
16;0.61;0.611;4221;5612
29;1.271;1.271;446;519
6;0.211;0.211;202;210
5;3.633;3.634;483427;483431
6;3.543;3.6;483462;483471
4;6.703;6.812;711904;959222
13;1.229;1.259;111293;111529
11;3.693;3.734;342962;525319
4;0.583;0.588;21552;51508
1;0.039;0.039;89;89
4;0.15;0.15;663;910
8;0.316;0.316;8;22
2;0.621;0.62;72371;74810
4;0.583;0.6;62648;63136
2;0.252;0.253;12505;18434
1;0.038;0.038;70;70
2;0.084;0.083;451;483
9;0.318;0.318;4;12
3;3.489;3.541;483531;483617
7;3.797;3.857;483427;483434
4;1.209;1.222;77586;125023
1;3.559;3.557;483427;483427
1;3.631;3.631;483427;483427
6;0.209;0.209;1;6
6;4.857;4.932;549060;638083
6;3.717;3.78;483429;483436
